1,1,1,5,30,0.01,0.05,0.53333333
1,1,2,5,30,0.02,0.05,0.16666667
1,1,3,5,30,0.03,0.05,0.033333333
1,1,4,5,30,0.04,0.05,0.0
1,1,5,5,30,0.05,0.05,0.0
1,1,6,5,30,0.06,0.05,0.0
1,1,7,5,30,0.07,0.05,0.0
1,1,8,5,30,0.08,0.05,0.0
1,1,9,5,30,0.09,0.05,0.0
1,1,10,5,30,0.1,0.05,0.0
1,1,11,5,30,0.11,0.05,0.0
1,1,12,5,30,0.12,0.05,0.0
1,1,1,6,30,0.01,0.06,0.56666667
1,1,2,6,30,0.02,0.06,0.1
1,1,3,6,30,0.03,0.06,0.033333333
1,1,4,6,30,0.04,0.06,0.0
1,1,5,6,30,0.05,0.06,0.0
1,1,6,6,30,0.06,0.06,0.0
1,1,7,6,30,0.07,0.06,0.0
1,1,8,6,30,0.08,0.06,0.0
1,1,9,6,30,0.09,0.06,0.0
1,1,10,6,30,0.1,0.06,0.0
1,1,11,6,30,0.11,0.06,0.0
1,1,12,6,30,0.12,0.06,0.0
1,1,1,7,30,0.01,0.07,0.73333333
1,1,2,7,30,0.02,0.07,0.23333333
1,1,3,7,30,0.03,0.07,0.1
1,1,4,7,30,0.04,0.07,0.0
1,1,5,7,30,0.05,0.07,0.0
1,1,6,7,30,0.06,0.07,0.0
1,1,7,7,30,0.07,0.07,0.0
1,1,8,7,30,0.08,0.07,0.0
1,1,9,7,30,0.09,0.07,0.0
1,1,10,7,30,0.1,0.07,0.0
1,1,11,7,30,0.11,0.07,0.0
1,1,12,7,30,0.12,0.07,0.0
1,1,1,8,30,0.01,0.08,0.96666667
1,1,2,8,30,0.02,0.08,0.53333333
1,1,3,8,30,0.03,0.08,0.066666667
1,1,4,8,30,0.04,0.08,0.033333333
1,1,5,8,30,0.05,0.08,0.0
1,1,6,8,30,0.06,0.08,0.0
1,1,7,8,30,0.07,0.08,0.0
1,1,8,8,30,0.08,0.08,0.0
1,1,9,8,30,0.09,0.08,0.0
1,1,10,8,30,0.1,0.08,0.0
1,1,11,8,30,0.11,0.08,0.0
1,1,12,8,30,0.12,0.08,0.0
1,1,13,8,30,0.13,0.08,0.0
1,1,1,9,30,0.01,0.09,0.96666667
1,1,2,9,30,0.02,0.09,0.56666667
1,1,3,9,30,0.03,0.09,0.33333333
1,1,4,9,30,0.04,0.09,0.066666667
1,1,5,9,30,0.05,0.09,0.0
1,1,6,9,30,0.06,0.09,0.0
1,1,7,9,30,0.07,0.09,0.0
1,1,8,9,30,0.08,0.09,0.0
1,1,9,9,30,0.09,0.09,0.0
1,1,10,9,30,0.1,0.09,0.0
1,1,11,9,30,0.11,0.09,0.0
1,1,12,9,30,0.12,0.09,0.0
1,1,13,9,30,0.13,0.09,0.0
1,1,1,10,30,0.01,0.1,0.96666667
1,1,2,10,30,0.02,0.1,0.83333333
1,1,3,10,30,0.03,0.1,0.43333333
1,1,4,10,30,0.04,0.1,0.033333333
1,1,5,10,30,0.05,0.1,0.0
1,1,6,10,30,0.06,0.1,0.0
1,1,7,10,30,0.07,0.1,0.0
1,1,8,10,30,0.08,0.1,0.0
1,1,9,10,30,0.09,0.1,0.0
1,1,10,10,30,0.1,0.1,0.0
1,1,11,10,30,0.11,0.1,0.0
1,1,12,10,30,0.12,0.1,0.0
1,1,13,10,30,0.13,0.1,0.0
1,1,1,11,30,0.01,0.11,1.0
1,1,2,11,30,0.02,0.11,0.9
1,1,3,11,30,0.03,0.11,0.53333333
1,1,4,11,30,0.04,0.11,0.033333333
1,1,5,11,30,0.05,0.11,0.033333333
1,1,6,11,30,0.06,0.11,0.0
1,1,7,11,30,0.07,0.11,0.0
1,1,8,11,30,0.08,0.11,0.0
1,1,9,11,30,0.09,0.11,0.0
1,1,10,11,30,0.1,0.11,0.0
1,1,11,11,30,0.11,0.11,0.0
1,1,12,11,30,0.12,0.11,0.0
1,1,13,11,30,0.13,0.11,0.0
1,1,1,12,30,0.01,0.12,1.0
1,1,2,12,30,0.02,0.12,0.9
1,1,3,12,30,0.03,0.12,0.63333333
1,1,4,12,30,0.04,0.12,0.26666667
1,1,5,12,30,0.05,0.12,0.033333333
1,1,6,12,30,0.06,0.12,0.033333333
1,1,7,12,30,0.07,0.12,0.0
1,1,8,12,30,0.08,0.12,0.0
1,1,9,12,30,0.09,0.12,0.0
1,1,10,12,30,0.1,0.12,0.0
1,1,11,12,30,0.11,0.12,0.0
1,1,12,12,30,0.12,0.12,0.0
1,1,13,12,30,0.13,0.12,0.0
1,1,14,12,30,0.14,0.12,0.0
1,1,1,13,30,0.01,0.13,1.0
1,1,2,13,30,0.02,0.13,0.96666667
1,1,3,13,30,0.03,0.13,0.76666667
1,1,4,13,30,0.04,0.13,0.46666667
1,1,5,13,30,0.05,0.13,0.3
1,1,6,13,30,0.06,0.13,0.033333333
1,1,7,13,30,0.07,0.13,0.0
1,1,8,13,30,0.08,0.13,0.0
1,1,9,13,30,0.09,0.13,0.0
1,1,10,13,30,0.1,0.13,0.0
1,1,11,13,30,0.11,0.13,0.0
1,1,12,13,30,0.12,0.13,0.0
1,1,13,13,30,0.13,0.13,0.0
1,1,14,13,30,0.14,0.13,0.0
1,1,1,14,30,0.01,0.14,1.0
1,1,2,14,30,0.02,0.14,0.96666667
1,1,3,14,30,0.03,0.14,0.76666667
1,1,4,14,30,0.04,0.14,0.53333333
1,1,5,14,30,0.05,0.14,0.23333333
1,1,6,14,30,0.06,0.14,0.066666667
1,1,7,14,30,0.07,0.14,0.033333333
1,1,8,14,30,0.08,0.14,0.0
1,1,9,14,30,0.09,0.14,0.0
1,1,10,14,30,0.1,0.14,0.0
1,1,11,14,30,0.11,0.14,0.0
1,1,12,14,30,0.12,0.14,0.0
1,1,13,14,30,0.13,0.14,0.0
1,1,14,14,30,0.14,0.14,0.0
1,1,15,14,30,0.15,0.14,0.0
1,1,1,15,30,0.01,0.15,1.0
1,1,2,15,30,0.02,0.15,0.93333333
1,1,3,15,30,0.03,0.15,0.9
1,1,4,15,30,0.04,0.15,0.66666667
1,1,5,15,30,0.05,0.15,0.5
1,1,6,15,30,0.06,0.15,0.16666667
1,1,7,15,30,0.07,0.15,0.066666667
1,1,8,15,30,0.08,0.15,0.033333333
1,1,9,15,30,0.09,0.15,0.0
1,1,10,15,30,0.1,0.15,0.0
1,1,11,15,30,0.11,0.15,0.0
1,1,12,15,30,0.12,0.15,0.0
1,1,13,15,30,0.13,0.15,0.0
1,1,14,15,30,0.14,0.15,0.0
1,1,15,15,30,0.15,0.15,0.0
1,1,1,16,30,0.01,0.16,1.0
1,1,2,16,30,0.02,0.16,1.0
1,1,3,16,30,0.03,0.16,0.96666667
1,1,4,16,30,0.04,0.16,0.8
1,1,5,16,30,0.05,0.16,0.66666667
1,1,6,16,30,0.06,0.16,0.33333333
1,1,7,16,30,0.07,0.16,0.13333333
1,1,8,16,30,0.08,0.16,0.033333333
1,1,9,16,30,0.09,0.16,0.0
1,1,10,16,30,0.1,0.16,0.0
1,1,11,16,30,0.11,0.16,0.0
1,1,12,16,30,0.12,0.16,0.0
1,1,13,16,30,0.13,0.16,0.0
1,1,14,16,30,0.14,0.16,0.0
1,1,15,16,30,0.15,0.16,0.0
1,1,16,16,30,0.16,0.16,0.0
1,1,1,17,30,0.01,0.17,1.0
1,1,2,17,30,0.02,0.17,1.0
1,1,3,17,30,0.03,0.17,1.0
1,1,4,17,30,0.04,0.17,0.93333333
1,1,5,17,30,0.05,0.17,0.63333333
1,1,6,17,30,0.06,0.17,0.26666667
1,1,7,17,30,0.07,0.17,0.26666667
1,1,8,17,30,0.08,0.17,0.1
1,1,9,17,30,0.09,0.17,0.033333333
1,1,10,17,30,0.1,0.17,0.0
1,1,11,17,30,0.11,0.17,0.0
1,1,12,17,30,0.12,0.17,0.0
1,1,13,17,30,0.13,0.17,0.0
1,1,14,17,30,0.14,0.17,0.0
1,1,15,17,30,0.15,0.17,0.0
1,1,16,17,30,0.16,0.17,0.0
1,1,1,18,30,0.01,0.18,1.0
1,1,2,18,30,0.02,0.18,1.0
1,1,3,18,30,0.03,0.18,0.96666667
1,1,4,18,30,0.04,0.18,0.86666667
1,1,5,18,30,0.05,0.18,0.9
1,1,6,18,30,0.06,0.18,0.56666667
1,1,7,18,30,0.07,0.18,0.23333333
1,1,8,18,30,0.08,0.18,0.13333333
1,1,9,18,30,0.09,0.18,0.066666667
1,1,10,18,30,0.1,0.18,0.033333333
1,1,11,18,30,0.11,0.18,0.0
1,1,12,18,30,0.12,0.18,0.0
1,1,13,18,30,0.13,0.18,0.0
1,1,14,18,30,0.14,0.18,0.0
1,1,15,18,30,0.15,0.18,0.0
1,1,16,18,30,0.16,0.18,0.0
1,1,17,18,30,0.17,0.18,0.0
1,1,1,19,30,0.01,0.19,1.0
1,1,2,19,30,0.02,0.19,1.0
1,1,3,19,30,0.03,0.19,1.0
1,1,4,19,30,0.04,0.19,0.93333333
1,1,5,19,30,0.05,0.19,0.9
1,1,6,19,30,0.06,0.19,0.53333333
1,1,7,19,30,0.07,0.19,0.43333333
1,1,8,19,30,0.08,0.19,0.16666667
1,1,9,19,30,0.09,0.19,0.1
1,1,10,19,30,0.1,0.19,0.033333333
1,1,11,19,30,0.11,0.19,0.0
1,1,12,19,30,0.12,0.19,0.033333333
1,1,13,19,30,0.13,0.19,0.0
1,1,14,19,30,0.14,0.19,0.0
1,1,15,19,30,0.15,0.19,0.0
1,1,16,19,30,0.16,0.19,0.0
1,1,17,19,30,0.17,0.19,0.0
1,1,1,20,30,0.01,0.2,1.0
1,1,2,20,30,0.02,0.2,1.0
1,1,3,20,30,0.03,0.2,1.0
1,1,4,20,30,0.04,0.2,0.93333333
1,1,5,20,30,0.05,0.2,0.86666667
1,1,6,20,30,0.06,0.2,0.7
1,1,7,20,30,0.07,0.2,0.53333333
1,1,8,20,30,0.08,0.2,0.36666667
1,1,9,20,30,0.09,0.2,0.3
1,1,10,20,30,0.1,0.2,0.13333333
1,1,11,20,30,0.11,0.2,0.0
1,1,12,20,30,0.12,0.2,0.0
1,1,13,20,30,0.13,0.2,0.0
1,1,14,20,30,0.14,0.2,0.0
1,1,15,20,30,0.15,0.2,0.0
1,1,16,20,30,0.16,0.2,0.0
1,1,17,20,30,0.17,0.2,0.0
1,1,1,21,30,0.01,0.21,1.0
1,1,2,21,30,0.02,0.21,1.0
1,1,3,21,30,0.03,0.21,1.0
1,1,4,21,30,0.04,0.21,0.96666667
1,1,5,21,30,0.05,0.21,0.96666667
1,1,6,21,30,0.06,0.21,0.73333333
1,1,7,21,30,0.07,0.21,0.56666667
1,1,8,21,30,0.08,0.21,0.4
1,1,9,21,30,0.09,0.21,0.2
1,1,10,21,30,0.1,0.21,0.16666667
1,1,11,21,30,0.11,0.21,0.1
1,1,12,21,30,0.12,0.21,0.0
1,1,13,21,30,0.13,0.21,0.0
1,1,14,21,30,0.14,0.21,0.0
1,1,15,21,30,0.15,0.21,0.0
1,1,16,21,30,0.16,0.21,0.0
1,1,17,21,30,0.17,0.21,0.0
1,1,18,21,30,0.18,0.21,0.0
1,1,1,22,30,0.01,0.22,1.0
1,1,2,22,30,0.02,0.22,1.0
1,1,3,22,30,0.03,0.22,1.0
1,1,4,22,30,0.04,0.22,1.0
1,1,5,22,30,0.05,0.22,1.0
1,1,6,22,30,0.06,0.22,0.8
1,1,7,22,30,0.07,0.22,0.73333333
1,1,8,22,30,0.08,0.22,0.5
1,1,9,22,30,0.09,0.22,0.36666667
1,1,10,22,30,0.1,0.22,0.2
1,1,11,22,30,0.11,0.22,0.066666667
1,1,12,22,30,0.12,0.22,0.033333333
1,1,13,22,30,0.13,0.22,0.0
1,1,14,22,30,0.14,0.22,0.0
1,1,15,22,30,0.15,0.22,0.0
1,1,16,22,30,0.16,0.22,0.0
1,1,17,22,30,0.17,0.22,0.0
1,1,18,22,30,0.18,0.22,0.0
1,1,1,23,30,0.01,0.23,1.0
1,1,2,23,30,0.02,0.23,1.0
1,1,3,23,30,0.03,0.23,1.0
1,1,4,23,30,0.04,0.23,1.0
1,1,5,23,30,0.05,0.23,0.93333333
1,1,6,23,30,0.06,0.23,0.93333333
1,1,7,23,30,0.07,0.23,0.8
1,1,8,23,30,0.08,0.23,0.6
1,1,9,23,30,0.09,0.23,0.4
1,1,10,23,30,0.1,0.23,0.26666667
1,1,11,23,30,0.11,0.23,0.1
1,1,12,23,30,0.12,0.23,0.16666667
1,1,13,23,30,0.13,0.23,0.0
1,1,14,23,30,0.14,0.23,0.0
1,1,15,23,30,0.15,0.23,0.0
1,1,16,23,30,0.16,0.23,0.0
1,1,17,23,30,0.17,0.23,0.0
1,1,18,23,30,0.18,0.23,0.0
1,1,19,23,30,0.19,0.23,0.0
1,1,1,24,30,0.01,0.24,1.0
1,1,2,24,30,0.02,0.24,1.0
1,1,3,24,30,0.03,0.24,1.0
1,1,4,24,30,0.04,0.24,1.0
1,1,5,24,30,0.05,0.24,0.96666667
1,1,6,24,30,0.06,0.24,0.93333333
1,1,7,24,30,0.07,0.24,0.83333333
1,1,8,24,30,0.08,0.24,0.56666667
1,1,9,24,30,0.09,0.24,0.56666667
1,1,10,24,30,0.1,0.24,0.3
1,1,11,24,30,0.11,0.24,0.2
1,1,12,24,30,0.12,0.24,0.1
1,1,13,24,30,0.13,0.24,0.033333333
1,1,14,24,30,0.14,0.24,0.033333333
1,1,15,24,30,0.15,0.24,0.0
1,1,16,24,30,0.16,0.24,0.0
1,1,17,24,30,0.17,0.24,0.0
1,1,18,24,30,0.18,0.24,0.0
1,1,19,24,30,0.19,0.24,0.0
1,1,20,24,30,0.2,0.24,0.0
1,1,1,25,30,0.01,0.25,1.0
1,1,2,25,30,0.02,0.25,1.0
1,1,3,25,30,0.03,0.25,1.0
1,1,4,25,30,0.04,0.25,1.0
1,1,5,25,30,0.05,0.25,1.0
1,1,6,25,30,0.06,0.25,0.96666667
1,1,7,25,30,0.07,0.25,0.93333333
1,1,8,25,30,0.08,0.25,0.7
1,1,9,25,30,0.09,0.25,0.63333333
1,1,10,25,30,0.1,0.25,0.43333333
1,1,11,25,30,0.11,0.25,0.26666667
1,1,12,25,30,0.12,0.25,0.066666667
1,1,13,25,30,0.13,0.25,0.1
1,1,14,25,30,0.14,0.25,0.0
1,1,15,25,30,0.15,0.25,0.0
1,1,16,25,30,0.16,0.25,0.0
1,1,17,25,30,0.17,0.25,0.0
1,1,18,25,30,0.18,0.25,0.0
1,1,19,25,30,0.19,0.25,0.0
1,1,20,25,30,0.2,0.25,0.0
1,1,1,26,30,0.01,0.26,1.0
1,1,2,26,30,0.02,0.26,1.0
1,1,3,26,30,0.03,0.26,1.0
1,1,4,26,30,0.04,0.26,1.0
1,1,5,26,30,0.05,0.26,0.93333333
1,1,6,26,30,0.06,0.26,0.93333333
1,1,7,26,30,0.07,0.26,0.9
1,1,8,26,30,0.08,0.26,0.73333333
1,1,9,26,30,0.09,0.26,0.63333333
1,1,10,26,30,0.1,0.26,0.56666667
1,1,11,26,30,0.11,0.26,0.46666667
1,1,12,26,30,0.12,0.26,0.26666667
1,1,13,26,30,0.13,0.26,0.066666667
1,1,14,26,30,0.14,0.26,0.033333333
1,1,15,26,30,0.15,0.26,0.066666667
1,1,16,26,30,0.16,0.26,0.033333333
1,1,17,26,30,0.17,0.26,0.0
1,1,18,26,30,0.18,0.26,0.0
1,1,19,26,30,0.19,0.26,0.0
1,1,20,26,30,0.2,0.26,0.0
1,1,21,26,30,0.21,0.26,0.0
1,1,1,27,30,0.01,0.27,1.0
1,1,2,27,30,0.02,0.27,1.0
1,1,3,27,30,0.03,0.27,1.0
1,1,4,27,30,0.04,0.27,1.0
1,1,5,27,30,0.05,0.27,1.0
1,1,6,27,30,0.06,0.27,1.0
1,1,7,27,30,0.07,0.27,0.93333333
1,1,8,27,30,0.08,0.27,0.93333333
1,1,9,27,30,0.09,0.27,0.83333333
1,1,10,27,30,0.1,0.27,0.6
1,1,11,27,30,0.11,0.27,0.4
1,1,12,27,30,0.12,0.27,0.23333333
1,1,13,27,30,0.13,0.27,0.13333333
1,1,14,27,30,0.14,0.27,0.033333333
1,1,15,27,30,0.15,0.27,0.033333333
1,1,16,27,30,0.16,0.27,0.0
1,1,17,27,30,0.17,0.27,0.0
1,1,18,27,30,0.18,0.27,0.0
1,1,19,27,30,0.19,0.27,0.0
1,1,20,27,30,0.2,0.27,0.0
1,1,21,27,30,0.21,0.27,0.0
1,1,2,28,30,0.02,0.28,1.0
1,1,3,28,30,0.03,0.28,1.0
1,1,4,28,30,0.04,0.28,1.0
1,1,5,28,30,0.05,0.28,1.0
1,1,6,28,30,0.06,0.28,1.0
1,1,7,28,30,0.07,0.28,1.0
1,1,8,28,30,0.08,0.28,0.93333333
1,1,9,28,30,0.09,0.28,0.8
1,1,10,28,30,0.1,0.28,0.56666667
1,1,11,28,30,0.11,0.28,0.43333333
1,1,12,28,30,0.12,0.28,0.33333333
1,1,13,28,30,0.13,0.28,0.3
1,1,14,28,30,0.14,0.28,0.2
1,1,15,28,30,0.15,0.28,0.0
1,1,16,28,30,0.16,0.28,0.066666667
1,1,17,28,30,0.17,0.28,0.033333333
1,1,18,28,30,0.18,0.28,0.0
1,1,19,28,30,0.19,0.28,0.0
1,1,20,28,30,0.2,0.28,0.0
1,1,21,28,30,0.21,0.28,0.0
1,1,22,28,30,0.22,0.28,0.0
1,1,3,29,30,0.03,0.29,1.0
1,1,4,29,30,0.04,0.29,1.0
1,1,5,29,30,0.05,0.29,1.0
1,1,6,29,30,0.06,0.29,1.0
1,1,7,29,30,0.07,0.29,1.0
1,1,8,29,30,0.08,0.29,1.0
1,1,9,29,30,0.09,0.29,0.9
1,1,10,29,30,0.1,0.29,0.86666667
1,1,11,29,30,0.11,0.29,0.76666667
1,1,12,29,30,0.12,0.29,0.4
1,1,13,29,30,0.13,0.29,0.4
1,1,14,29,30,0.14,0.29,0.3
1,1,15,29,30,0.15,0.29,0.16666667
1,1,16,29,30,0.16,0.29,0.033333333
1,1,17,29,30,0.17,0.29,0.0
1,1,18,29,30,0.18,0.29,0.0
1,1,19,29,30,0.19,0.29,0.0
1,1,20,29,30,0.2,0.29,0.0
1,1,21,29,30,0.21,0.29,0.0
1,1,22,29,30,0.22,0.29,0.0
1,1,23,29,30,0.23,0.29,0.0
1,1,3,30,30,0.03,0.3,1.0
1,1,4,30,30,0.04,0.3,1.0
1,1,5,30,30,0.05,0.3,1.0
1,1,6,30,30,0.06,0.3,1.0
1,1,7,30,30,0.07,0.3,1.0
1,1,8,30,30,0.08,0.3,0.96666667
1,1,9,30,30,0.09,0.3,0.93333333
1,1,10,30,30,0.1,0.3,0.8
1,1,11,30,30,0.11,0.3,0.8
1,1,12,30,30,0.12,0.3,0.63333333
1,1,13,30,30,0.13,0.3,0.3
1,1,14,30,30,0.14,0.3,0.33333333
1,1,15,30,30,0.15,0.3,0.2
1,1,16,30,30,0.16,0.3,0.033333333
1,1,17,30,30,0.17,0.3,0.033333333
1,1,18,30,30,0.18,0.3,0.0
1,1,19,30,30,0.19,0.3,0.0
1,1,20,30,30,0.2,0.3,0.0
1,1,21,30,30,0.21,0.3,0.0
1,1,22,30,30,0.22,0.3,0.0
1,1,23,30,30,0.23,0.3,0.0
1,1,4,31,30,0.04,0.31,1.0
1,1,5,31,30,0.05,0.31,1.0
1,1,6,31,30,0.06,0.31,1.0
1,1,7,31,30,0.07,0.31,1.0
1,1,8,31,30,0.08,0.31,1.0
1,1,9,31,30,0.09,0.31,1.0
1,1,10,31,30,0.1,0.31,1.0
1,1,11,31,30,0.11,0.31,0.9
1,1,12,31,30,0.12,0.31,0.46666667
1,1,13,31,30,0.13,0.31,0.56666667
1,1,14,31,30,0.14,0.31,0.33333333
1,1,15,31,30,0.15,0.31,0.23333333
1,1,16,31,30,0.16,0.31,0.033333333
1,1,17,31,30,0.17,0.31,0.13333333
1,1,18,31,30,0.18,0.31,0.033333333
1,1,19,31,30,0.19,0.31,0.0
1,1,20,31,30,0.2,0.31,0.0
1,1,21,31,30,0.21,0.31,0.0
1,1,22,31,30,0.22,0.31,0.0
1,1,23,31,30,0.23,0.31,0.0
1,1,24,31,30,0.24,0.31,0.0
1,1,4,32,30,0.04,0.32,1.0
1,1,5,32,30,0.05,0.32,1.0
1,1,6,32,30,0.06,0.32,1.0
1,1,7,32,30,0.07,0.32,1.0
1,1,8,32,30,0.08,0.32,1.0
1,1,9,32,30,0.09,0.32,0.96666667
1,1,10,32,30,0.1,0.32,0.96666667
1,1,11,32,30,0.11,0.32,0.9
1,1,12,32,30,0.12,0.32,0.76666667
1,1,13,32,30,0.13,0.32,0.66666667
1,1,14,32,30,0.14,0.32,0.53333333
1,1,15,32,30,0.15,0.32,0.33333333
1,1,16,32,30,0.16,0.32,0.26666667
1,1,17,32,30,0.17,0.32,0.1
1,1,18,32,30,0.18,0.32,0.13333333
1,1,19,32,30,0.19,0.32,0.033333333
1,1,20,32,30,0.2,0.32,0.0
1,1,21,32,30,0.21,0.32,0.0
1,1,22,32,30,0.22,0.32,0.0
1,1,23,32,30,0.23,0.32,0.0
1,1,24,32,30,0.24,0.32,0.0
1,1,5,33,30,0.05,0.33,1.0
1,1,6,33,30,0.06,0.33,1.0
1,1,7,33,30,0.07,0.33,1.0
1,1,8,33,30,0.08,0.33,1.0
1,1,9,33,30,0.09,0.33,0.93333333
1,1,10,33,30,0.1,0.33,0.96666667
1,1,11,33,30,0.11,0.33,0.96666667
1,1,12,33,30,0.12,0.33,0.76666667
1,1,13,33,30,0.13,0.33,0.76666667
1,1,14,33,30,0.14,0.33,0.66666667
1,1,15,33,30,0.15,0.33,0.43333333
1,1,16,33,30,0.16,0.33,0.33333333
1,1,17,33,30,0.17,0.33,0.23333333
1,1,18,33,30,0.18,0.33,0.1
1,1,19,33,30,0.19,0.33,0.066666667
1,1,20,33,30,0.2,0.33,0.0
1,1,21,33,30,0.21,0.33,0.0
1,1,22,33,30,0.22,0.33,0.033333333
1,1,23,33,30,0.23,0.33,0.033333333
1,1,24,33,30,0.24,0.33,0.0
1,1,25,33,30,0.25,0.33,0.0
1,1,7,34,30,0.07,0.34,1.0
1,1,8,34,30,0.08,0.34,1.0
1,1,9,34,30,0.09,0.34,1.0
1,1,10,34,30,0.1,0.34,1.0
1,1,11,34,30,0.11,0.34,0.96666667
1,1,12,34,30,0.12,0.34,0.9
1,1,13,34,30,0.13,0.34,0.8
1,1,14,34,30,0.14,0.34,0.63333333
1,1,15,34,30,0.15,0.34,0.6
1,1,16,34,30,0.16,0.34,0.5
1,1,17,34,30,0.17,0.34,0.4
1,1,18,34,30,0.18,0.34,0.2
1,1,19,34,30,0.19,0.34,0.066666667
1,1,20,34,30,0.2,0.34,0.0
1,1,21,34,30,0.21,0.34,0.033333333
1,1,22,34,30,0.22,0.34,0.0
1,1,23,34,30,0.23,0.34,0.0
1,1,24,34,30,0.24,0.34,0.0
1,1,25,34,30,0.25,0.34,0.0
1,1,26,34,30,0.26,0.34,0.0
1,1,27,34,30,0.27,0.34,0.0
1,1,7,35,30,0.07,0.35,1.0
1,1,8,35,30,0.08,0.35,1.0
1,1,9,35,30,0.09,0.35,1.0
1,1,10,35,30,0.1,0.35,1.0
1,1,11,35,30,0.11,0.35,0.96666667
1,1,12,35,30,0.12,0.35,0.83333333
1,1,13,35,30,0.13,0.35,0.93333333
1,1,14,35,30,0.14,0.35,0.73333333
1,1,15,35,30,0.15,0.35,0.7
1,1,16,35,30,0.16,0.35,0.6
1,1,17,35,30,0.17,0.35,0.43333333
1,1,18,35,30,0.18,0.35,0.33333333
1,1,19,35,30,0.19,0.35,0.23333333
1,1,20,35,30,0.2,0.35,0.13333333
1,1,21,35,30,0.21,0.35,0.066666667
1,1,22,35,30,0.22,0.35,0.0
1,1,23,35,30,0.23,0.35,0.033333333
1,1,24,35,30,0.24,0.35,0.033333333
1,1,25,35,30,0.25,0.35,0.0
1,1,26,35,30,0.26,0.35,0.0
1,1,27,35,30,0.27,0.35,0.0
1,1,7,36,30,0.07,0.36,1.0
1,1,8,36,30,0.08,0.36,1.0
1,1,9,36,30,0.09,0.36,1.0
1,1,10,36,30,0.1,0.36,0.96666667
1,1,11,36,30,0.11,0.36,0.96666667
1,1,12,36,30,0.12,0.36,1.0
1,1,13,36,30,0.13,0.36,0.96666667
1,1,14,36,30,0.14,0.36,0.86666667
1,1,15,36,30,0.15,0.36,0.66666667
1,1,16,36,30,0.16,0.36,0.56666667
1,1,17,36,30,0.17,0.36,0.5
1,1,18,36,30,0.18,0.36,0.36666667
1,1,19,36,30,0.19,0.36,0.13333333
1,1,20,36,30,0.2,0.36,0.16666667
1,1,21,36,30,0.21,0.36,0.066666667
1,1,22,36,30,0.22,0.36,0.0
1,1,23,36,30,0.23,0.36,0.033333333
1,1,24,36,30,0.24,0.36,0.0
1,1,25,36,30,0.25,0.36,0.0
1,1,26,36,30,0.26,0.36,0.0
1,1,27,36,30,0.27,0.36,0.0
1,1,8,37,30,0.08,0.37,1.0
1,1,9,37,30,0.09,0.37,1.0
1,1,10,37,30,0.1,0.37,1.0
1,1,11,37,30,0.11,0.37,1.0
1,1,12,37,30,0.12,0.37,0.9
1,1,13,37,30,0.13,0.37,0.93333333
1,1,14,37,30,0.14,0.37,0.7
1,1,15,37,30,0.15,0.37,0.83333333
1,1,16,37,30,0.16,0.37,0.63333333
1,1,17,37,30,0.17,0.37,0.63333333
1,1,18,37,30,0.18,0.37,0.46666667
1,1,19,37,30,0.19,0.37,0.26666667
1,1,20,37,30,0.2,0.37,0.23333333
1,1,21,37,30,0.21,0.37,0.2
1,1,22,37,30,0.22,0.37,0.1
1,1,23,37,30,0.23,0.37,0.0
1,1,24,37,30,0.24,0.37,0.0
1,1,25,37,30,0.25,0.37,0.0
1,1,26,37,30,0.26,0.37,0.0
1,1,27,37,30,0.27,0.37,0.0
1,1,28,37,30,0.28,0.37,0.0
1,1,9,38,30,0.09,0.38,1.0
1,1,10,38,30,0.1,0.38,1.0
1,1,11,38,30,0.11,0.38,1.0
1,1,12,38,30,0.12,0.38,1.0
1,1,13,38,30,0.13,0.38,0.93333333
1,1,14,38,30,0.14,0.38,0.93333333
1,1,15,38,30,0.15,0.38,0.9
1,1,16,38,30,0.16,0.38,0.76666667
1,1,17,38,30,0.17,0.38,0.66666667
1,1,18,38,30,0.18,0.38,0.6
1,1,19,38,30,0.19,0.38,0.3
1,1,20,38,30,0.2,0.38,0.23333333
1,1,21,38,30,0.21,0.38,0.13333333
1,1,22,38,30,0.22,0.38,0.1
1,1,23,38,30,0.23,0.38,0.033333333
1,1,24,38,30,0.24,0.38,0.033333333
1,1,25,38,30,0.25,0.38,0.0
1,1,26,38,30,0.26,0.38,0.0
1,1,27,38,30,0.27,0.38,0.0
1,1,28,38,30,0.28,0.38,0.0
1,1,29,38,30,0.29,0.38,0.0
1,1,10,39,30,0.1,0.39,1.0
1,1,11,39,30,0.11,0.39,1.0
1,1,12,39,30,0.12,0.39,1.0
1,1,13,39,30,0.13,0.39,0.93333333
1,1,14,39,30,0.14,0.39,1.0
1,1,15,39,30,0.15,0.39,0.96666667
1,1,16,39,30,0.16,0.39,0.9
1,1,17,39,30,0.17,0.39,0.73333333
1,1,18,39,30,0.18,0.39,0.63333333
1,1,19,39,30,0.19,0.39,0.53333333
1,1,20,39,30,0.2,0.39,0.4
1,1,21,39,30,0.21,0.39,0.3
1,1,22,39,30,0.22,0.39,0.16666667
1,1,23,39,30,0.23,0.39,0.066666667
1,1,24,39,30,0.24,0.39,0.13333333
1,1,25,39,30,0.25,0.39,0.033333333
1,1,26,39,30,0.26,0.39,0.0
1,1,27,39,30,0.27,0.39,0.0
1,1,28,39,30,0.28,0.39,0.0
1,1,29,39,30,0.29,0.39,0.0
1,1,30,39,30,0.3,0.39,0.0
1,1,11,40,30,0.11,0.4,1.0
1,1,12,40,30,0.12,0.4,1.0
1,1,13,40,30,0.13,0.4,0.96666667
1,1,14,40,30,0.14,0.4,0.93333333
1,1,15,40,30,0.15,0.4,0.93333333
1,1,16,40,30,0.16,0.4,0.86666667
1,1,17,40,30,0.17,0.4,0.8
1,1,18,40,30,0.18,0.4,0.36666667
1,1,19,40,30,0.19,0.4,0.7
1,1,20,40,30,0.2,0.4,0.5
1,1,21,40,30,0.21,0.4,0.26666667
1,1,22,40,30,0.22,0.4,0.26666667
1,1,23,40,30,0.23,0.4,0.16666667
1,1,24,40,30,0.24,0.4,0.16666667
1,1,25,40,30,0.25,0.4,0.13333333
1,1,26,40,30,0.26,0.4,0.1
1,1,27,40,30,0.27,0.4,0.033333333
1,1,28,40,30,0.28,0.4,0.0
1,1,29,40,30,0.29,0.4,0.033333333
1,1,30,40,30,0.3,0.4,0.0
1,1,31,40,30,0.31,0.4,0.0
1,1,11,41,30,0.11,0.41,1.0
1,1,12,41,30,0.12,0.41,1.0
1,1,13,41,30,0.13,0.41,1.0
1,1,14,41,30,0.14,0.41,1.0
1,1,15,41,30,0.15,0.41,1.0
1,1,16,41,30,0.16,0.41,1.0
1,1,17,41,30,0.17,0.41,0.86666667
1,1,18,41,30,0.18,0.41,0.83333333
1,1,19,41,30,0.19,0.41,0.7
1,1,20,41,30,0.2,0.41,0.56666667
1,1,21,41,30,0.21,0.41,0.6
1,1,22,41,30,0.22,0.41,0.43333333
1,1,23,41,30,0.23,0.41,0.23333333
1,1,24,41,30,0.24,0.41,0.23333333
1,1,25,41,30,0.25,0.41,0.16666667
1,1,26,41,30,0.26,0.41,0.066666667
1,1,27,41,30,0.27,0.41,0.0
1,1,28,41,30,0.28,0.41,0.0
1,1,29,41,30,0.29,0.41,0.0
1,1,30,41,30,0.3,0.41,0.0
1,1,31,41,30,0.31,0.41,0.033333333
1,1,12,42,30,0.12,0.42,0.96666667
1,1,13,42,30,0.13,0.42,1.0
1,1,14,42,30,0.14,0.42,1.0
1,1,15,42,30,0.15,0.42,1.0
1,1,16,42,30,0.16,0.42,0.93333333
1,1,17,42,30,0.17,0.42,0.96666667
1,1,18,42,30,0.18,0.42,0.83333333
1,1,19,42,30,0.19,0.42,0.66666667
1,1,20,42,30,0.2,0.42,0.73333333
1,1,21,42,30,0.21,0.42,0.63333333
1,1,22,42,30,0.22,0.42,0.33333333
1,1,23,42,30,0.23,0.42,0.3
1,1,24,42,30,0.24,0.42,0.23333333
1,1,25,42,30,0.25,0.42,0.26666667
1,1,26,42,30,0.26,0.42,0.13333333
1,1,27,42,30,0.27,0.42,0.0
1,1,28,42,30,0.28,0.42,0.066666667
1,1,29,42,30,0.29,0.42,0.033333333
1,1,30,42,30,0.3,0.42,0.0
1,1,31,42,30,0.31,0.42,0.0
1,1,32,42,30,0.32,0.42,0.0
1,1,13,43,30,0.13,0.43,1.0
1,1,14,43,30,0.14,0.43,1.0
1,1,15,43,30,0.15,0.43,1.0
1,1,16,43,30,0.16,0.43,1.0
1,1,17,43,30,0.17,0.43,0.96666667
1,1,18,43,30,0.18,0.43,0.93333333
1,1,19,43,30,0.19,0.43,0.83333333
1,1,20,43,30,0.2,0.43,0.6
1,1,21,43,30,0.21,0.43,0.46666667
1,1,22,43,30,0.22,0.43,0.66666667
1,1,23,43,30,0.23,0.43,0.33333333
1,1,24,43,30,0.24,0.43,0.26666667
1,1,25,43,30,0.25,0.43,0.33333333
1,1,26,43,30,0.26,0.43,0.066666667
1,1,27,43,30,0.27,0.43,0.13333333
1,1,28,43,30,0.28,0.43,0.16666667
1,1,29,43,30,0.29,0.43,0.066666667
1,1,30,43,30,0.3,0.43,0.0
1,1,31,43,30,0.31,0.43,0.033333333
1,1,32,43,30,0.32,0.43,0.0
1,1,33,43,30,0.33,0.43,0.0
1,1,14,44,30,0.14,0.44,1.0
1,1,15,44,30,0.15,0.44,1.0
1,1,16,44,30,0.16,0.44,1.0
1,1,17,44,30,0.17,0.44,1.0
1,1,18,44,30,0.18,0.44,0.96666667
1,1,19,44,30,0.19,0.44,0.8
1,1,20,44,30,0.2,0.44,0.9
1,1,21,44,30,0.21,0.44,0.73333333
1,1,22,44,30,0.22,0.44,0.7
1,1,23,44,30,0.23,0.44,0.46666667
1,1,24,44,30,0.24,0.44,0.5
1,1,25,44,30,0.25,0.44,0.2
1,1,26,44,30,0.26,0.44,0.2
1,1,27,44,30,0.27,0.44,0.33333333
1,1,28,44,30,0.28,0.44,0.13333333
1,1,29,44,30,0.29,0.44,0.066666667
1,1,30,44,30,0.3,0.44,0.0
1,1,31,44,30,0.31,0.44,0.033333333
1,1,32,44,30,0.32,0.44,0.066666667
1,1,33,44,30,0.33,0.44,0.0
1,1,34,44,30,0.34,0.44,0.0
1,1,14,45,30,0.14,0.45,1.0
1,1,15,45,30,0.15,0.45,1.0
1,1,16,45,30,0.16,0.45,1.0
1,1,17,45,30,0.17,0.45,1.0
1,1,18,45,30,0.18,0.45,1.0
1,1,19,45,30,0.19,0.45,1.0
1,1,20,45,30,0.2,0.45,0.93333333
1,1,21,45,30,0.21,0.45,0.66666667
1,1,22,45,30,0.22,0.45,0.76666667
1,1,23,45,30,0.23,0.45,0.73333333
1,1,24,45,30,0.24,0.45,0.63333333
1,1,25,45,30,0.25,0.45,0.46666667
1,1,26,45,30,0.26,0.45,0.36666667
1,1,27,45,30,0.27,0.45,0.16666667
1,1,28,45,30,0.28,0.45,0.13333333
1,1,29,45,30,0.29,0.45,0.1
1,1,30,45,30,0.3,0.45,0.066666667
1,1,31,45,30,0.31,0.45,0.0
1,1,32,45,30,0.32,0.45,0.0
1,1,33,45,30,0.33,0.45,0.0
1,1,34,45,30,0.34,0.45,0.0
1,1,15,46,30,0.15,0.46,1.0
1,1,16,46,30,0.16,0.46,1.0
1,1,17,46,30,0.17,0.46,1.0
1,1,18,46,30,0.18,0.46,1.0
1,1,19,46,30,0.19,0.46,0.96666667
1,1,20,46,30,0.2,0.46,0.96666667
1,1,21,46,30,0.21,0.46,0.96666667
1,1,22,46,30,0.22,0.46,0.83333333
1,1,23,46,30,0.23,0.46,0.8
1,1,24,46,30,0.24,0.46,0.6
1,1,25,46,30,0.25,0.46,0.53333333
1,1,26,46,30,0.26,0.46,0.5
1,1,27,46,30,0.27,0.46,0.26666667
1,1,28,46,30,0.28,0.46,0.1
1,1,29,46,30,0.29,0.46,0.2
1,1,30,46,30,0.3,0.46,0.1
1,1,31,46,30,0.31,0.46,0.1
1,1,32,46,30,0.32,0.46,0.0
1,1,33,46,30,0.33,0.46,0.0
1,1,34,46,30,0.34,0.46,0.0
1,1,35,46,30,0.35,0.46,0.0
1,1,17,47,30,0.17,0.47,1.0
1,1,18,47,30,0.18,0.47,0.93333333
1,1,19,47,30,0.19,0.47,0.96666667
1,1,20,47,30,0.2,0.47,0.96666667
1,1,21,47,30,0.21,0.47,0.96666667
1,1,22,47,30,0.22,0.47,0.9
1,1,23,47,30,0.23,0.47,0.8
1,1,24,47,30,0.24,0.47,0.7
1,1,25,47,30,0.25,0.47,0.73333333
1,1,26,47,30,0.26,0.47,0.56666667
1,1,27,47,30,0.27,0.47,0.46666667
1,1,28,47,30,0.28,0.47,0.23333333
1,1,29,47,30,0.29,0.47,0.2
1,1,30,47,30,0.3,0.47,0.16666667
1,1,31,47,30,0.31,0.47,0.1
1,1,32,47,30,0.32,0.47,0.1
1,1,33,47,30,0.33,0.47,0.0
1,1,34,47,30,0.34,0.47,0.0
1,1,35,47,30,0.35,0.47,0.0
1,1,36,47,30,0.36,0.47,0.0
1,1,37,47,30,0.37,0.47,0.0
1,1,17,48,30,0.17,0.48,0.96666667
1,1,18,48,30,0.18,0.48,1.0
1,1,19,48,30,0.19,0.48,1.0
1,1,20,48,30,0.2,0.48,1.0
1,1,21,48,30,0.21,0.48,0.96666667
1,1,22,48,30,0.22,0.48,1.0
1,1,23,48,30,0.23,0.48,0.93333333
1,1,24,48,30,0.24,0.48,0.76666667
1,1,25,48,30,0.25,0.48,0.63333333
1,1,26,48,30,0.26,0.48,0.8
1,1,27,48,30,0.27,0.48,0.5
1,1,28,48,30,0.28,0.48,0.43333333
1,1,29,48,30,0.29,0.48,0.26666667
1,1,30,48,30,0.3,0.48,0.23333333
1,1,31,48,30,0.31,0.48,0.033333333
1,1,32,48,30,0.32,0.48,0.1
1,1,33,48,30,0.33,0.48,0.033333333
1,1,34,48,30,0.34,0.48,0.033333333
1,1,35,48,30,0.35,0.48,0.0
1,1,36,48,30,0.36,0.48,0.033333333
1,1,37,48,30,0.37,0.48,0.0
1,1,19,49,30,0.19,0.49,0.96666667
1,1,20,49,30,0.2,0.49,1.0
1,1,21,49,30,0.21,0.49,1.0
1,1,22,49,30,0.22,0.49,0.96666667
1,1,23,49,30,0.23,0.49,0.9
1,1,24,49,30,0.24,0.49,0.9
1,1,25,49,30,0.25,0.49,0.73333333
1,1,26,49,30,0.26,0.49,0.46666667
1,1,27,49,30,0.27,0.49,0.76666667
1,1,28,49,30,0.28,0.49,0.4
1,1,29,49,30,0.29,0.49,0.33333333
1,1,30,49,30,0.3,0.49,0.33333333
1,1,31,49,30,0.31,0.49,0.2
1,1,32,49,30,0.32,0.49,0.066666667
1,1,33,49,30,0.33,0.49,0.066666667
1,1,34,49,30,0.34,0.49,0.033333333
1,1,35,49,30,0.35,0.49,0.033333333
1,1,36,49,30,0.36,0.49,0.033333333
1,1,37,49,30,0.37,0.49,0.0
1,1,38,49,30,0.38,0.49,0.0
1,1,39,49,30,0.39,0.49,0.0
1,1,20,50,30,0.2,0.5,0.93333333
1,1,21,50,30,0.21,0.5,0.96666667
1,1,22,50,30,0.22,0.5,0.96666667
1,1,23,50,30,0.23,0.5,0.93333333
1,1,24,50,30,0.24,0.5,1.0
1,1,25,50,30,0.25,0.5,0.83333333
1,1,26,50,30,0.26,0.5,0.73333333
1,1,27,50,30,0.27,0.5,0.63333333
1,1,28,50,30,0.28,0.5,0.5
1,1,29,50,30,0.29,0.5,0.46666667
1,1,30,50,30,0.3,0.5,0.43333333
1,1,31,50,30,0.31,0.5,0.3
1,1,32,50,30,0.32,0.5,0.26666667
1,1,33,50,30,0.33,0.5,0.16666667
1,1,34,50,30,0.34,0.5,0.1
1,1,35,50,30,0.35,0.5,0.033333333
1,1,36,50,30,0.36,0.5,0.0
1,1,37,50,30,0.37,0.5,0.0
1,1,38,50,30,0.38,0.5,0.0
1,1,39,50,30,0.39,0.5,0.0
1,1,40,50,30,0.4,0.5,0.033333333
1,1,20,51,30,0.2,0.51,1.0
1,1,21,51,30,0.21,0.51,1.0
1,1,22,51,30,0.22,0.51,1.0
1,1,23,51,30,0.23,0.51,1.0
1,1,24,51,30,0.24,0.51,0.9
1,1,25,51,30,0.25,0.51,0.96666667
1,1,26,51,30,0.26,0.51,0.9
1,1,27,51,30,0.27,0.51,0.76666667
1,1,28,51,30,0.28,0.51,0.56666667
1,1,29,51,30,0.29,0.51,0.5
1,1,30,51,30,0.3,0.51,0.36666667
1,1,31,51,30,0.31,0.51,0.43333333
1,1,32,51,30,0.32,0.51,0.16666667
1,1,33,51,30,0.33,0.51,0.26666667
1,1,34,51,30,0.34,0.51,0.066666667
1,1,35,51,30,0.35,0.51,0.066666667
1,1,36,51,30,0.36,0.51,0.066666667
1,1,37,51,30,0.37,0.51,0.033333333
1,1,38,51,30,0.38,0.51,0.0
1,1,39,51,30,0.39,0.51,0.0
1,1,40,51,30,0.4,0.51,0.0
1,1,21,52,30,0.21,0.52,1.0
1,1,22,52,30,0.22,0.52,1.0
1,1,23,52,30,0.23,0.52,1.0
1,1,24,52,30,0.24,0.52,1.0
1,1,25,52,30,0.25,0.52,0.9
1,1,26,52,30,0.26,0.52,0.9
1,1,27,52,30,0.27,0.52,0.7
1,1,28,52,30,0.28,0.52,0.73333333
1,1,29,52,30,0.29,0.52,0.53333333
1,1,30,52,30,0.3,0.52,0.5
1,1,31,52,30,0.31,0.52,0.43333333
1,1,32,52,30,0.32,0.52,0.36666667
1,1,33,52,30,0.33,0.52,0.23333333
1,1,34,52,30,0.34,0.52,0.3
1,1,35,52,30,0.35,0.52,0.1
1,1,36,52,30,0.36,0.52,0.13333333
1,1,37,52,30,0.37,0.52,0.033333333
1,1,38,52,30,0.38,0.52,0.033333333
1,1,39,52,30,0.39,0.52,0.0
1,1,40,52,30,0.4,0.52,0.0
1,1,41,52,30,0.41,0.52,0.0
1,1,22,53,30,0.22,0.53,1.0
1,1,23,53,30,0.23,0.53,1.0
1,1,24,53,30,0.24,0.53,1.0
1,1,25,53,30,0.25,0.53,0.96666667
1,1,26,53,30,0.26,0.53,1.0
1,1,27,53,30,0.27,0.53,0.86666667
1,1,28,53,30,0.28,0.53,0.9
1,1,29,53,30,0.29,0.53,0.76666667
1,1,30,53,30,0.3,0.53,0.76666667
1,1,31,53,30,0.31,0.53,0.76666667
1,1,32,53,30,0.32,0.53,0.56666667
1,1,33,53,30,0.33,0.53,0.43333333
1,1,34,53,30,0.34,0.53,0.3
1,1,35,53,30,0.35,0.53,0.23333333
1,1,36,53,30,0.36,0.53,0.2
1,1,37,53,30,0.37,0.53,0.066666667
1,1,38,53,30,0.38,0.53,0.033333333
1,1,39,53,30,0.39,0.53,0.066666667
1,1,40,53,30,0.4,0.53,0.0
1,1,41,53,30,0.41,0.53,0.0
1,1,42,53,30,0.42,0.53,0.0
1,1,24,54,30,0.24,0.54,1.0
1,1,25,54,30,0.25,0.54,0.96666667
1,1,26,54,30,0.26,0.54,1.0
1,1,27,54,30,0.27,0.54,1.0
1,1,28,54,30,0.28,0.54,0.9
1,1,29,54,30,0.29,0.54,0.9
1,1,30,54,30,0.3,0.54,0.86666667
1,1,31,54,30,0.31,0.54,0.63333333
1,1,32,54,30,0.32,0.54,0.63333333
1,1,33,54,30,0.33,0.54,0.43333333
1,1,34,54,30,0.34,0.54,0.5
1,1,35,54,30,0.35,0.54,0.36666667
1,1,36,54,30,0.36,0.54,0.26666667
1,1,37,54,30,0.37,0.54,0.16666667
1,1,38,54,30,0.38,0.54,0.13333333
1,1,39,54,30,0.39,0.54,0.13333333
1,1,40,54,30,0.4,0.54,0.033333333
1,1,41,54,30,0.41,0.54,0.0
1,1,42,54,30,0.42,0.54,0.0
1,1,43,54,30,0.43,0.54,0.0
1,1,44,54,30,0.44,0.54,0.0
1,1,25,55,30,0.25,0.55,1.0
1,1,26,55,30,0.26,0.55,0.93333333
1,1,27,55,30,0.27,0.55,1.0
1,1,28,55,30,0.28,0.55,0.9
1,1,29,55,30,0.29,0.55,0.83333333
1,1,30,55,30,0.3,0.55,0.83333333
1,1,31,55,30,0.31,0.55,0.73333333
1,1,32,55,30,0.32,0.55,0.53333333
1,1,33,55,30,0.33,0.55,0.63333333
1,1,34,55,30,0.34,0.55,0.26666667
1,1,35,55,30,0.35,0.55,0.43333333
1,1,36,55,30,0.36,0.55,0.4
1,1,37,55,30,0.37,0.55,0.13333333
1,1,38,55,30,0.38,0.55,0.13333333
1,1,39,55,30,0.39,0.55,0.13333333
1,1,40,55,30,0.4,0.55,0.033333333
1,1,41,55,30,0.41,0.55,0.16666667
1,1,42,55,30,0.42,0.55,0.0
1,1,43,55,30,0.43,0.55,0.033333333
1,1,44,55,30,0.44,0.55,0.033333333
1,1,45,55,30,0.45,0.55,0.0
1,1,25,56,30,0.25,0.56,0.96666667
1,1,26,56,30,0.26,0.56,1.0
1,1,27,56,30,0.27,0.56,1.0
1,1,28,56,30,0.28,0.56,0.93333333
1,1,29,56,30,0.29,0.56,0.9
1,1,30,56,30,0.3,0.56,0.93333333
1,1,31,56,30,0.31,0.56,0.9
1,1,32,56,30,0.32,0.56,0.83333333
1,1,33,56,30,0.33,0.56,0.7
1,1,34,56,30,0.34,0.56,0.5
1,1,35,56,30,0.35,0.56,0.43333333
1,1,36,56,30,0.36,0.56,0.4
1,1,37,56,30,0.37,0.56,0.36666667
1,1,38,56,30,0.38,0.56,0.23333333
1,1,39,56,30,0.39,0.56,0.13333333
1,1,40,56,30,0.4,0.56,0.13333333
1,1,41,56,30,0.41,0.56,0.033333333
1,1,42,56,30,0.42,0.56,0.066666667
1,1,43,56,30,0.43,0.56,0.033333333
1,1,44,56,30,0.44,0.56,0.0
1,1,45,56,30,0.45,0.56,0.0
1,1,27,57,30,0.27,0.57,1.0
1,1,28,57,30,0.28,0.57,1.0
1,1,29,57,30,0.29,0.57,0.9
1,1,30,57,30,0.3,0.57,0.93333333
1,1,31,57,30,0.31,0.57,0.76666667
1,1,32,57,30,0.32,0.57,0.96666667
1,1,33,57,30,0.33,0.57,0.76666667
1,1,34,57,30,0.34,0.57,0.76666667
1,1,35,57,30,0.35,0.57,0.6
1,1,36,57,30,0.36,0.57,0.36666667
1,1,37,57,30,0.37,0.57,0.46666667
1,1,38,57,30,0.38,0.57,0.5
1,1,39,57,30,0.39,0.57,0.26666667
1,1,40,57,30,0.4,0.57,0.16666667
1,1,41,57,30,0.41,0.57,0.066666667
1,1,42,57,30,0.42,0.57,0.13333333
1,1,43,57,30,0.43,0.57,0.066666667
1,1,44,57,30,0.44,0.57,0.033333333
1,1,45,57,30,0.45,0.57,0.0
1,1,46,57,30,0.46,0.57,0.033333333
1,1,47,57,30,0.47,0.57,0.0
1,1,27,58,30,0.27,0.58,1.0
1,1,28,58,30,0.28,0.58,0.96666667
1,1,29,58,30,0.29,0.58,1.0
1,1,30,58,30,0.3,0.58,0.96666667
1,1,31,58,30,0.31,0.58,0.93333333
1,1,32,58,30,0.32,0.58,0.83333333
1,1,33,58,30,0.33,0.58,0.8
1,1,34,58,30,0.34,0.58,0.8
1,1,35,58,30,0.35,0.58,0.76666667
1,1,36,58,30,0.36,0.58,0.73333333
1,1,37,58,30,0.37,0.58,0.6
1,1,38,58,30,0.38,0.58,0.23333333
1,1,39,58,30,0.39,0.58,0.16666667
1,1,40,58,30,0.4,0.58,0.2
1,1,41,58,30,0.41,0.58,0.16666667
1,1,42,58,30,0.42,0.58,0.1
1,1,43,58,30,0.43,0.58,0.13333333
1,1,44,58,30,0.44,0.58,0.13333333
1,1,45,58,30,0.45,0.58,0.066666667
1,1,46,58,30,0.46,0.58,0.033333333
1,1,47,58,30,0.47,0.58,0.0
1,1,29,59,30,0.29,0.59,1.0
1,1,30,59,30,0.3,0.59,1.0
1,1,31,59,30,0.31,0.59,1.0
1,1,32,59,30,0.32,0.59,0.96666667
1,1,33,59,30,0.33,0.59,0.86666667
1,1,34,59,30,0.34,0.59,0.9
1,1,35,59,30,0.35,0.59,0.73333333
1,1,36,59,30,0.36,0.59,0.76666667
1,1,37,59,30,0.37,0.59,0.6
1,1,38,59,30,0.38,0.59,0.6
1,1,39,59,30,0.39,0.59,0.53333333
1,1,40,59,30,0.4,0.59,0.4
1,1,41,59,30,0.41,0.59,0.26666667
1,1,42,59,30,0.42,0.59,0.16666667
1,1,43,59,30,0.43,0.59,0.13333333
1,1,44,59,30,0.44,0.59,0.066666667
1,1,45,59,30,0.45,0.59,0.033333333
1,1,46,59,30,0.46,0.59,0.13333333
1,1,47,59,30,0.47,0.59,0.066666667
1,1,48,59,30,0.48,0.59,0.0
1,1,49,59,30,0.49,0.59,0.0
1,1,30,60,30,0.3,0.6,0.96666667
1,1,31,60,30,0.31,0.6,0.96666667
1,1,32,60,30,0.32,0.6,0.93333333
1,1,33,60,30,0.33,0.6,0.93333333
1,1,34,60,30,0.34,0.6,0.93333333
1,1,35,60,30,0.35,0.6,0.73333333
1,1,36,60,30,0.36,0.6,0.83333333
1,1,37,60,30,0.37,0.6,0.7
1,1,38,60,30,0.38,0.6,0.53333333
1,1,39,60,30,0.39,0.6,0.46666667
1,1,40,60,30,0.4,0.6,0.43333333
1,1,41,60,30,0.41,0.6,0.33333333
1,1,42,60,30,0.42,0.6,0.23333333
1,1,43,60,30,0.43,0.6,0.2
1,1,44,60,30,0.44,0.6,0.13333333
1,1,45,60,30,0.45,0.6,0.3
1,1,46,60,30,0.46,0.6,0.0
1,1,47,60,30,0.47,0.6,0.033333333
1,1,48,60,30,0.48,0.6,0.1
1,1,49,60,30,0.49,0.6,0.0
1,1,50,60,30,0.5,0.6,0.0
1,1,31,61,30,0.31,0.61,1.0
1,1,32,61,30,0.32,0.61,1.0
1,1,33,61,30,0.33,0.61,0.86666667
1,1,34,61,30,0.34,0.61,0.96666667
1,1,35,61,30,0.35,0.61,0.86666667
1,1,36,61,30,0.36,0.61,0.76666667
1,1,37,61,30,0.37,0.61,0.86666667
1,1,38,61,30,0.38,0.61,0.6
1,1,39,61,30,0.39,0.61,0.6
1,1,40,61,30,0.4,0.61,0.7
1,1,41,61,30,0.41,0.61,0.56666667
1,1,42,61,30,0.42,0.61,0.5
1,1,43,61,30,0.43,0.61,0.43333333
1,1,44,61,30,0.44,0.61,0.16666667
1,1,45,61,30,0.45,0.61,0.26666667
1,1,46,61,30,0.46,0.61,0.033333333
1,1,47,61,30,0.47,0.61,0.033333333
1,1,48,61,30,0.48,0.61,0.033333333
1,1,49,61,30,0.49,0.61,0.033333333
1,1,50,61,30,0.5,0.61,0.033333333
1,1,51,61,30,0.51,0.61,0.0
1,1,33,62,30,0.33,0.62,0.96666667
1,1,34,62,30,0.34,0.62,0.9
1,1,35,62,30,0.35,0.62,0.96666667
1,1,36,62,30,0.36,0.62,0.96666667
1,1,37,62,30,0.37,0.62,0.93333333
1,1,38,62,30,0.38,0.62,0.83333333
1,1,39,62,30,0.39,0.62,0.8
1,1,40,62,30,0.4,0.62,0.66666667
1,1,41,62,30,0.41,0.62,0.5
1,1,42,62,30,0.42,0.62,0.46666667
1,1,43,62,30,0.43,0.62,0.6
1,1,44,62,30,0.44,0.62,0.4
1,1,45,62,30,0.45,0.62,0.26666667
1,1,46,62,30,0.46,0.62,0.16666667
1,1,47,62,30,0.47,0.62,0.1
1,1,48,62,30,0.48,0.62,0.33333333
1,1,49,62,30,0.49,0.62,0.1
1,1,50,62,30,0.5,0.62,0.0
1,1,51,62,30,0.51,0.62,0.0
1,1,52,62,30,0.52,0.62,0.033333333
1,1,53,62,30,0.53,0.62,0.0
1,1,34,63,30,0.34,0.63,1.0
1,1,35,63,30,0.35,0.63,0.93333333
1,1,36,63,30,0.36,0.63,1.0
1,1,37,63,30,0.37,0.63,0.93333333
1,1,38,63,30,0.38,0.63,0.76666667
1,1,39,63,30,0.39,0.63,0.93333333
1,1,40,63,30,0.4,0.63,0.8
1,1,41,63,30,0.41,0.63,0.66666667
1,1,42,63,30,0.42,0.63,0.63333333
1,1,43,63,30,0.43,0.63,0.46666667
1,1,44,63,30,0.44,0.63,0.43333333
1,1,45,63,30,0.45,0.63,0.3
1,1,46,63,30,0.46,0.63,0.26666667
1,1,47,63,30,0.47,0.63,0.13333333
1,1,48,63,30,0.48,0.63,0.16666667
1,1,49,63,30,0.49,0.63,0.13333333
1,1,50,63,30,0.5,0.63,0.033333333
1,1,51,63,30,0.51,0.63,0.033333333
1,1,52,63,30,0.52,0.63,0.033333333
1,1,53,63,30,0.53,0.63,0.0
1,1,54,63,30,0.54,0.63,0.0
1,1,35,64,30,0.35,0.64,1.0
1,1,36,64,30,0.36,0.64,1.0
1,1,37,64,30,0.37,0.64,1.0
1,1,38,64,30,0.38,0.64,0.93333333
1,1,39,64,30,0.39,0.64,0.9
1,1,40,64,30,0.4,0.64,0.86666667
1,1,41,64,30,0.41,0.64,0.93333333
1,1,42,64,30,0.42,0.64,0.6
1,1,43,64,30,0.43,0.64,0.66666667
1,1,44,64,30,0.44,0.64,0.46666667
1,1,45,64,30,0.45,0.64,0.43333333
1,1,46,64,30,0.46,0.64,0.43333333
1,1,47,64,30,0.47,0.64,0.26666667
1,1,48,64,30,0.48,0.64,0.13333333
1,1,49,64,30,0.49,0.64,0.23333333
1,1,50,64,30,0.5,0.64,0.033333333
1,1,51,64,30,0.51,0.64,0.033333333
1,1,52,64,30,0.52,0.64,0.0
1,1,53,64,30,0.53,0.64,0.0
1,1,54,64,30,0.54,0.64,0.033333333
1,1,55,64,30,0.55,0.64,0.0
1,1,36,65,30,0.36,0.65,0.96666667
1,1,37,65,30,0.37,0.65,1.0
1,1,38,65,30,0.38,0.65,0.93333333
1,1,39,65,30,0.39,0.65,0.93333333
1,1,40,65,30,0.4,0.65,0.93333333
1,1,41,65,30,0.41,0.65,0.8
1,1,42,65,30,0.42,0.65,0.76666667
1,1,43,65,30,0.43,0.65,0.7
1,1,44,65,30,0.44,0.65,0.7
1,1,45,65,30,0.45,0.65,0.56666667
1,1,46,65,30,0.46,0.65,0.5
1,1,47,65,30,0.47,0.65,0.33333333
1,1,48,65,30,0.48,0.65,0.36666667
1,1,49,65,30,0.49,0.65,0.2
1,1,50,65,30,0.5,0.65,0.13333333
1,1,51,65,30,0.51,0.65,0.0
1,1,52,65,30,0.52,0.65,0.0
1,1,53,65,30,0.53,0.65,0.0
1,1,54,65,30,0.54,0.65,0.033333333
1,1,55,65,30,0.55,0.65,0.0
1,1,56,65,30,0.56,0.65,0.0
1,1,37,66,30,0.37,0.66,1.0
1,1,38,66,30,0.38,0.66,1.0
1,1,39,66,30,0.39,0.66,1.0
1,1,40,66,30,0.4,0.66,0.86666667
1,1,41,66,30,0.41,0.66,0.93333333
1,1,42,66,30,0.42,0.66,0.9
1,1,43,66,30,0.43,0.66,0.76666667
1,1,44,66,30,0.44,0.66,0.7
1,1,45,66,30,0.45,0.66,0.66666667
1,1,46,66,30,0.46,0.66,0.6
1,1,47,66,30,0.47,0.66,0.4
1,1,48,66,30,0.48,0.66,0.46666667
1,1,49,66,30,0.49,0.66,0.23333333
1,1,50,66,30,0.5,0.66,0.1
1,1,51,66,30,0.51,0.66,0.2
1,1,52,66,30,0.52,0.66,0.1
1,1,53,66,30,0.53,0.66,0.033333333
1,1,54,66,30,0.54,0.66,0.033333333
1,1,55,66,30,0.55,0.66,0.033333333
1,1,56,66,30,0.56,0.66,0.0
1,1,57,66,30,0.57,0.66,0.0
1,1,38,67,30,0.38,0.67,0.96666667
1,1,39,67,30,0.39,0.67,1.0
1,1,40,67,30,0.4,0.67,0.93333333
1,1,41,67,30,0.41,0.67,0.93333333
1,1,42,67,30,0.42,0.67,0.86666667
1,1,43,67,30,0.43,0.67,0.86666667
1,1,44,67,30,0.44,0.67,0.73333333
1,1,45,67,30,0.45,0.67,0.76666667
1,1,46,67,30,0.46,0.67,0.66666667
1,1,47,67,30,0.47,0.67,0.53333333
1,1,48,67,30,0.48,0.67,0.36666667
1,1,49,67,30,0.49,0.67,0.43333333
1,1,50,67,30,0.5,0.67,0.2
1,1,51,67,30,0.51,0.67,0.3
1,1,52,67,30,0.52,0.67,0.23333333
1,1,53,67,30,0.53,0.67,0.066666667
1,1,54,67,30,0.54,0.67,0.033333333
1,1,55,67,30,0.55,0.67,0.1
1,1,56,67,30,0.56,0.67,0.066666667
1,1,57,67,30,0.57,0.67,0.066666667
1,1,58,67,30,0.58,0.67,0.0
1,1,40,68,30,0.4,0.68,0.96666667
1,1,41,68,30,0.41,0.68,0.96666667
1,1,42,68,30,0.42,0.68,0.93333333
1,1,43,68,30,0.43,0.68,0.93333333
1,1,44,68,30,0.44,0.68,0.96666667
1,1,45,68,30,0.45,0.68,0.66666667
1,1,46,68,30,0.46,0.68,0.76666667
1,1,47,68,30,0.47,0.68,0.66666667
1,1,48,68,30,0.48,0.68,0.63333333
1,1,49,68,30,0.49,0.68,0.53333333
1,1,50,68,30,0.5,0.68,0.33333333
1,1,51,68,30,0.51,0.68,0.4
1,1,52,68,30,0.52,0.68,0.066666667
1,1,53,68,30,0.53,0.68,0.2
1,1,54,68,30,0.54,0.68,0.16666667
1,1,55,68,30,0.55,0.68,0.13333333
1,1,56,68,30,0.56,0.68,0.0
1,1,57,68,30,0.57,0.68,0.066666667
1,1,58,68,30,0.58,0.68,0.0
1,1,59,68,30,0.59,0.68,0.0
1,1,60,68,30,0.6,0.68,0.0
1,1,41,69,30,0.41,0.69,0.93333333
1,1,42,69,30,0.42,0.69,0.93333333
1,1,43,69,30,0.43,0.69,0.93333333
1,1,44,69,30,0.44,0.69,0.86666667
1,1,45,69,30,0.45,0.69,0.96666667
1,1,46,69,30,0.46,0.69,0.8
1,1,47,69,30,0.47,0.69,0.66666667
1,1,48,69,30,0.48,0.69,0.73333333
1,1,49,69,30,0.49,0.69,0.73333333
1,1,50,69,30,0.5,0.69,0.6
1,1,51,69,30,0.51,0.69,0.5
1,1,52,69,30,0.52,0.69,0.46666667
1,1,53,69,30,0.53,0.69,0.26666667
1,1,54,69,30,0.54,0.69,0.26666667
1,1,55,69,30,0.55,0.69,0.1
1,1,56,69,30,0.56,0.69,0.2
1,1,57,69,30,0.57,0.69,0.066666667
1,1,58,69,30,0.58,0.69,0.033333333
1,1,59,69,30,0.59,0.69,0.0
1,1,60,69,30,0.6,0.69,0.0
1,1,61,69,30,0.61,0.69,0.0
1,1,43,70,30,0.43,0.7,1.0
1,1,44,70,30,0.44,0.7,0.86666667
1,1,45,70,30,0.45,0.7,0.9
1,1,46,70,30,0.46,0.7,0.9
1,1,47,70,30,0.47,0.7,0.83333333
1,1,48,70,30,0.48,0.7,0.86666667
1,1,49,70,30,0.49,0.7,0.76666667
1,1,50,70,30,0.5,0.7,0.66666667
1,1,51,70,30,0.51,0.7,0.66666667
1,1,52,70,30,0.52,0.7,0.43333333
1,1,53,70,30,0.53,0.7,0.43333333
1,1,54,70,30,0.54,0.7,0.46666667
1,1,55,70,30,0.55,0.7,0.23333333
1,1,56,70,30,0.56,0.7,0.26666667
1,1,57,70,30,0.57,0.7,0.066666667
1,1,58,70,30,0.58,0.7,0.1
1,1,59,70,30,0.59,0.7,0.033333333
1,1,60,70,30,0.6,0.7,0.066666667
1,1,61,70,30,0.61,0.7,0.0
1,1,62,70,30,0.62,0.7,0.0
1,1,63,70,30,0.63,0.7,0.0
1,1,44,71,30,0.44,0.71,0.93333333
1,1,45,71,30,0.45,0.71,0.96666667
1,1,46,71,30,0.46,0.71,0.93333333
1,1,47,71,30,0.47,0.71,0.86666667
1,1,48,71,30,0.48,0.71,0.8
1,1,49,71,30,0.49,0.71,0.76666667
1,1,50,71,30,0.5,0.71,0.7
1,1,51,71,30,0.51,0.71,0.7
1,1,52,71,30,0.52,0.71,0.53333333
1,1,53,71,30,0.53,0.71,0.43333333
1,1,54,71,30,0.54,0.71,0.43333333
1,1,55,71,30,0.55,0.71,0.43333333
1,1,56,71,30,0.56,0.71,0.4
1,1,57,71,30,0.57,0.71,0.1
1,1,58,71,30,0.58,0.71,0.13333333
1,1,59,71,30,0.59,0.71,0.066666667
1,1,60,71,30,0.6,0.71,0.1
1,1,61,71,30,0.61,0.71,0.1
1,1,62,71,30,0.62,0.71,0.0
1,1,63,71,30,0.63,0.71,0.0
1,1,64,71,30,0.64,0.71,0.066666667
1,1,45,72,30,0.45,0.72,0.96666667
1,1,46,72,30,0.46,0.72,0.96666667
1,1,47,72,30,0.47,0.72,0.96666667
1,1,48,72,30,0.48,0.72,0.96666667
1,1,49,72,30,0.49,0.72,0.86666667
1,1,50,72,30,0.5,0.72,0.83333333
1,1,51,72,30,0.51,0.72,0.83333333
1,1,52,72,30,0.52,0.72,0.73333333
1,1,53,72,30,0.53,0.72,0.76666667
1,1,54,72,30,0.54,0.72,0.63333333
1,1,55,72,30,0.55,0.72,0.56666667
1,1,56,72,30,0.56,0.72,0.33333333
1,1,57,72,30,0.57,0.72,0.26666667
1,1,58,72,30,0.58,0.72,0.23333333
1,1,59,72,30,0.59,0.72,0.1
1,1,60,72,30,0.6,0.72,0.26666667
1,1,61,72,30,0.61,0.72,0.0
1,1,62,72,30,0.62,0.72,0.13333333
1,1,63,72,30,0.63,0.72,0.1
1,1,64,72,30,0.64,0.72,0.033333333
1,1,65,72,30,0.65,0.72,0.0
1,1,47,73,30,0.47,0.73,1.0
1,1,48,73,30,0.48,0.73,0.9
1,1,49,73,30,0.49,0.73,0.8
1,1,50,73,30,0.5,0.73,0.86666667
1,1,51,73,30,0.51,0.73,0.83333333
1,1,52,73,30,0.52,0.73,0.96666667
1,1,53,73,30,0.53,0.73,0.8
1,1,54,73,30,0.54,0.73,0.73333333
1,1,55,73,30,0.55,0.73,0.8
1,1,56,73,30,0.56,0.73,0.56666667
1,1,57,73,30,0.57,0.73,0.46666667
1,1,58,73,30,0.58,0.73,0.46666667
1,1,59,73,30,0.59,0.73,0.13333333
1,1,60,73,30,0.6,0.73,0.13333333
1,1,61,73,30,0.61,0.73,0.066666667
1,1,62,73,30,0.62,0.73,0.066666667
1,1,63,73,30,0.63,0.73,0.033333333
1,1,64,73,30,0.64,0.73,0.0
1,1,65,73,30,0.65,0.73,0.033333333
1,1,66,73,30,0.66,0.73,0.0
1,1,67,73,30,0.67,0.73,0.033333333
1,1,48,74,30,0.48,0.74,0.96666667
1,1,49,74,30,0.49,0.74,1.0
1,1,50,74,30,0.5,0.74,0.96666667
1,1,51,74,30,0.51,0.74,0.9
1,1,52,74,30,0.52,0.74,0.9
1,1,53,74,30,0.53,0.74,0.9
1,1,54,74,30,0.54,0.74,0.8
1,1,55,74,30,0.55,0.74,0.83333333
1,1,56,74,30,0.56,0.74,0.76666667
1,1,57,74,30,0.57,0.74,0.46666667
1,1,58,74,30,0.58,0.74,0.46666667
1,1,59,74,30,0.59,0.74,0.4
1,1,60,74,30,0.6,0.74,0.13333333
1,1,61,74,30,0.61,0.74,0.26666667
1,1,62,74,30,0.62,0.74,0.23333333
1,1,63,74,30,0.63,0.74,0.033333333
1,1,64,74,30,0.64,0.74,0.066666667
1,1,65,74,30,0.65,0.74,0.0
1,1,66,74,30,0.66,0.74,0.066666667
1,1,67,74,30,0.67,0.74,0.0
1,1,68,74,30,0.68,0.74,0.0
1,1,49,75,30,0.49,0.75,1.0
1,1,50,75,30,0.5,0.75,1.0
1,1,51,75,30,0.51,0.75,0.96666667
1,1,52,75,30,0.52,0.75,0.9
1,1,53,75,30,0.53,0.75,0.96666667
1,1,54,75,30,0.54,0.75,0.83333333
1,1,55,75,30,0.55,0.75,0.76666667
1,1,56,75,30,0.56,0.75,0.76666667
1,1,57,75,30,0.57,0.75,0.83333333
1,1,58,75,30,0.58,0.75,0.66666667
1,1,59,75,30,0.59,0.75,0.53333333
1,1,60,75,30,0.6,0.75,0.53333333
1,1,61,75,30,0.61,0.75,0.4
1,1,62,75,30,0.62,0.75,0.26666667
1,1,63,75,30,0.63,0.75,0.16666667
1,1,64,75,30,0.64,0.75,0.066666667
1,1,65,75,30,0.65,0.75,0.1
1,1,66,75,30,0.66,0.75,0.033333333
1,1,67,75,30,0.67,0.75,0.066666667
1,1,68,75,30,0.68,0.75,0.0
1,1,69,75,30,0.69,0.75,0.0
1,1,51,76,30,0.51,0.76,0.9
1,1,52,76,30,0.52,0.76,0.93333333
1,1,53,76,30,0.53,0.76,0.96666667
1,1,54,76,30,0.54,0.76,0.9
1,1,55,76,30,0.55,0.76,0.96666667
1,1,56,76,30,0.56,0.76,0.9
1,1,57,76,30,0.57,0.76,0.83333333
1,1,58,76,30,0.58,0.76,0.76666667
1,1,59,76,30,0.59,0.76,0.66666667
1,1,60,76,30,0.6,0.76,0.36666667
1,1,61,76,30,0.61,0.76,0.3
1,1,62,76,30,0.62,0.76,0.3
1,1,63,76,30,0.63,0.76,0.26666667
1,1,64,76,30,0.64,0.76,0.36666667
1,1,65,76,30,0.65,0.76,0.13333333
1,1,66,76,30,0.66,0.76,0.13333333
1,1,67,76,30,0.67,0.76,0.1
1,1,68,76,30,0.68,0.76,0.033333333
1,1,69,76,30,0.69,0.76,0.033333333
1,1,70,76,30,0.7,0.76,0.0
1,1,71,76,30,0.71,0.76,0.0
1,1,53,77,30,0.53,0.77,0.96666667
1,1,54,77,30,0.54,0.77,0.93333333
1,1,55,77,30,0.55,0.77,1.0
1,1,56,77,30,0.56,0.77,0.86666667
1,1,57,77,30,0.57,0.77,0.93333333
1,1,58,77,30,0.58,0.77,0.9
1,1,59,77,30,0.59,0.77,0.9
1,1,60,77,30,0.6,0.77,0.6
1,1,61,77,30,0.61,0.77,0.56666667
1,1,62,77,30,0.62,0.77,0.5
1,1,63,77,30,0.63,0.77,0.46666667
1,1,64,77,30,0.64,0.77,0.4
1,1,65,77,30,0.65,0.77,0.2
1,1,66,77,30,0.66,0.77,0.033333333
1,1,67,77,30,0.67,0.77,0.16666667
1,1,68,77,30,0.68,0.77,0.066666667
1,1,69,77,30,0.69,0.77,0.033333333
1,1,70,77,30,0.7,0.77,0.0
1,1,71,77,30,0.71,0.77,0.033333333
1,1,72,77,30,0.72,0.77,0.0
1,1,73,77,30,0.73,0.77,0.0
1,1,54,78,30,0.54,0.78,0.93333333
1,1,55,78,30,0.55,0.78,1.0
1,1,56,78,30,0.56,0.78,0.93333333
1,1,57,78,30,0.57,0.78,0.93333333
1,1,58,78,30,0.58,0.78,0.86666667
1,1,59,78,30,0.59,0.78,0.86666667
1,1,60,78,30,0.6,0.78,0.83333333
1,1,61,78,30,0.61,0.78,0.66666667
1,1,62,78,30,0.62,0.78,0.63333333
1,1,63,78,30,0.63,0.78,0.43333333
1,1,64,78,30,0.64,0.78,0.43333333
1,1,65,78,30,0.65,0.78,0.3
1,1,66,78,30,0.66,0.78,0.43333333
1,1,67,78,30,0.67,0.78,0.13333333
1,1,68,78,30,0.68,0.78,0.033333333
1,1,69,78,30,0.69,0.78,0.23333333
1,1,70,78,30,0.7,0.78,0.066666667
1,1,71,78,30,0.71,0.78,0.0
1,1,72,78,30,0.72,0.78,0.0
1,1,73,78,30,0.73,0.78,0.033333333
1,1,74,78,30,0.74,0.78,0.0
1,1,55,79,30,0.55,0.79,1.0
1,1,56,79,30,0.56,0.79,0.96666667
1,1,57,79,30,0.57,0.79,1.0
1,1,58,79,30,0.58,0.79,0.93333333
1,1,59,79,30,0.59,0.79,0.96666667
1,1,60,79,30,0.6,0.79,0.9
1,1,61,79,30,0.61,0.79,0.86666667
1,1,62,79,30,0.62,0.79,0.73333333
1,1,63,79,30,0.63,0.79,0.8
1,1,64,79,30,0.64,0.79,0.6
1,1,65,79,30,0.65,0.79,0.5
1,1,66,79,30,0.66,0.79,0.33333333
1,1,67,79,30,0.67,0.79,0.46666667
1,1,68,79,30,0.68,0.79,0.3
1,1,69,79,30,0.69,0.79,0.13333333
1,1,70,79,30,0.7,0.79,0.23333333
1,1,71,79,30,0.71,0.79,0.066666667
1,1,72,79,30,0.72,0.79,0.033333333
1,1,73,79,30,0.73,0.79,0.0
1,1,74,79,30,0.74,0.79,0.033333333
1,1,75,79,30,0.75,0.79,0.0
1,1,57,80,30,0.57,0.8,0.9
1,1,58,80,30,0.58,0.8,0.96666667
1,1,59,80,30,0.59,0.8,1.0
1,1,60,80,30,0.6,0.8,0.93333333
1,1,61,80,30,0.61,0.8,0.73333333
1,1,62,80,30,0.62,0.8,0.76666667
1,1,63,80,30,0.63,0.8,0.76666667
1,1,64,80,30,0.64,0.8,0.76666667
1,1,65,80,30,0.65,0.8,0.46666667
1,1,66,80,30,0.66,0.8,0.63333333
1,1,67,80,30,0.67,0.8,0.33333333
1,1,68,80,30,0.68,0.8,0.4
1,1,69,80,30,0.69,0.8,0.43333333
1,1,70,80,30,0.7,0.8,0.16666667
1,1,71,80,30,0.71,0.8,0.23333333
1,1,72,80,30,0.72,0.8,0.13333333
1,1,73,80,30,0.73,0.8,0.066666667
1,1,74,80,30,0.74,0.8,0.033333333
1,1,75,80,30,0.75,0.8,0.0
1,1,76,80,30,0.76,0.8,0.0
1,1,77,80,30,0.77,0.8,0.0
1,1,58,81,30,0.58,0.81,1.0
1,1,59,81,30,0.59,0.81,0.96666667
1,1,60,81,30,0.6,0.81,0.93333333
1,1,61,81,30,0.61,0.81,1.0
1,1,62,81,30,0.62,0.81,0.96666667
1,1,63,81,30,0.63,0.81,0.93333333
1,1,64,81,30,0.64,0.81,0.73333333
1,1,65,81,30,0.65,0.81,0.93333333
1,1,66,81,30,0.66,0.81,0.66666667
1,1,67,81,30,0.67,0.81,0.56666667
1,1,68,81,30,0.68,0.81,0.53333333
1,1,69,81,30,0.69,0.81,0.4
1,1,70,81,30,0.7,0.81,0.33333333
1,1,71,81,30,0.71,0.81,0.26666667
1,1,72,81,30,0.72,0.81,0.2
1,1,73,81,30,0.73,0.81,0.16666667
1,1,74,81,30,0.74,0.81,0.033333333
1,1,75,81,30,0.75,0.81,0.033333333
1,1,76,81,30,0.76,0.81,0.0
1,1,77,81,30,0.77,0.81,0.0
1,1,78,81,30,0.78,0.81,0.0
1,1,60,82,30,0.6,0.82,0.96666667
1,1,61,82,30,0.61,0.82,0.96666667
1,1,62,82,30,0.62,0.82,0.93333333
1,1,63,82,30,0.63,0.82,0.9
1,1,64,82,30,0.64,0.82,0.8
1,1,65,82,30,0.65,0.82,0.83333333
1,1,66,82,30,0.66,0.82,0.86666667
1,1,67,82,30,0.67,0.82,0.76666667
1,1,68,82,30,0.68,0.82,0.73333333
1,1,69,82,30,0.69,0.82,0.53333333
1,1,70,82,30,0.7,0.82,0.66666667
1,1,71,82,30,0.71,0.82,0.23333333
1,1,72,82,30,0.72,0.82,0.16666667
1,1,73,82,30,0.73,0.82,0.16666667
1,1,74,82,30,0.74,0.82,0.066666667
1,1,75,82,30,0.75,0.82,0.13333333
1,1,76,82,30,0.76,0.82,0.2
1,1,77,82,30,0.77,0.82,0.033333333
1,1,78,82,30,0.78,0.82,0.0
1,1,79,82,30,0.79,0.82,0.0
1,1,80,82,30,0.8,0.82,0.0
1,1,61,83,30,0.61,0.83,0.96666667
1,1,62,83,30,0.62,0.83,1.0
1,1,63,83,30,0.63,0.83,0.96666667
1,1,64,83,30,0.64,0.83,0.96666667
1,1,65,83,30,0.65,0.83,0.9
1,1,66,83,30,0.66,0.83,0.86666667
1,1,67,83,30,0.67,0.83,0.93333333
1,1,68,83,30,0.68,0.83,0.83333333
1,1,69,83,30,0.69,0.83,0.73333333
1,1,70,83,30,0.7,0.83,0.53333333
1,1,71,83,30,0.71,0.83,0.6
1,1,72,83,30,0.72,0.83,0.66666667
1,1,73,83,30,0.73,0.83,0.36666667
1,1,74,83,30,0.74,0.83,0.33333333
1,1,75,83,30,0.75,0.83,0.16666667
1,1,76,83,30,0.76,0.83,0.16666667
1,1,77,83,30,0.77,0.83,0.2
1,1,78,83,30,0.78,0.83,0.1
1,1,79,83,30,0.79,0.83,0.0
1,1,80,83,30,0.8,0.83,0.0
1,1,81,83,30,0.81,0.83,0.0
1,1,63,84,30,0.63,0.84,0.9
1,1,64,84,30,0.64,0.84,0.96666667
1,1,65,84,30,0.65,0.84,0.9
1,1,66,84,30,0.66,0.84,0.93333333
1,1,67,84,30,0.67,0.84,0.9
1,1,68,84,30,0.68,0.84,0.9
1,1,69,84,30,0.69,0.84,0.8
1,1,70,84,30,0.7,0.84,0.53333333
1,1,71,84,30,0.71,0.84,0.5
1,1,72,84,30,0.72,0.84,0.66666667
1,1,73,84,30,0.73,0.84,0.53333333
1,1,74,84,30,0.74,0.84,0.46666667
1,1,75,84,30,0.75,0.84,0.4
1,1,76,84,30,0.76,0.84,0.36666667
1,1,77,84,30,0.77,0.84,0.16666667
1,1,78,84,30,0.78,0.84,0.1
1,1,79,84,30,0.79,0.84,0.033333333
1,1,80,84,30,0.8,0.84,0.0
1,1,81,84,30,0.81,0.84,0.0
1,1,82,84,30,0.82,0.84,0.0
1,1,83,84,30,0.83,0.84,0.0
1,1,65,85,30,0.65,0.85,0.93333333
1,1,66,85,30,0.66,0.85,0.96666667
1,1,67,85,30,0.67,0.85,0.96666667
1,1,68,85,30,0.68,0.85,0.86666667
1,1,69,85,30,0.69,0.85,0.9
1,1,70,85,30,0.7,0.85,0.8
1,1,71,85,30,0.71,0.85,0.73333333
1,1,72,85,30,0.72,0.85,0.7
1,1,73,85,30,0.73,0.85,0.76666667
1,1,74,85,30,0.74,0.85,0.53333333
1,1,75,85,30,0.75,0.85,0.43333333
1,1,76,85,30,0.76,0.85,0.36666667
1,1,77,85,30,0.77,0.85,0.33333333
1,1,78,85,30,0.78,0.85,0.2
1,1,79,85,30,0.79,0.85,0.2
1,1,80,85,30,0.8,0.85,0.1
1,1,81,85,30,0.81,0.85,0.066666667
1,1,82,85,30,0.82,0.85,0.033333333
1,1,83,85,30,0.83,0.85,0.0
1,1,84,85,30,0.84,0.85,0.0
1,1,85,85,30,0.85,0.85,0.0
1,1,67,86,30,0.67,0.86,0.86666667
1,1,68,86,30,0.68,0.86,1.0
1,1,69,86,30,0.69,0.86,1.0
1,1,70,86,30,0.7,0.86,0.83333333
1,1,71,86,30,0.71,0.86,0.73333333
1,1,72,86,30,0.72,0.86,0.83333333
1,1,73,86,30,0.73,0.86,0.76666667
1,1,74,86,30,0.74,0.86,0.73333333
1,1,75,86,30,0.75,0.86,0.46666667
1,1,76,86,30,0.76,0.86,0.43333333
1,1,77,86,30,0.77,0.86,0.33333333
1,1,78,86,30,0.78,0.86,0.26666667
1,1,79,86,30,0.79,0.86,0.23333333
1,1,80,86,30,0.8,0.86,0.1
1,1,81,86,30,0.81,0.86,0.1
1,1,82,86,30,0.82,0.86,0.033333333
1,1,83,86,30,0.83,0.86,0.0
1,1,84,86,30,0.84,0.86,0.066666667
1,1,85,86,30,0.85,0.86,0.0
1,1,86,86,30,0.86,0.86,0.0
1,1,87,86,30,0.87,0.86,0.0
1,1,68,87,30,0.68,0.87,1.0
1,1,69,87,30,0.69,0.87,1.0
1,1,70,87,30,0.7,0.87,1.0
1,1,71,87,30,0.71,0.87,1.0
1,1,72,87,30,0.72,0.87,1.0
1,1,73,87,30,0.73,0.87,0.86666667
1,1,74,87,30,0.74,0.87,0.76666667
1,1,75,87,30,0.75,0.87,0.8
1,1,76,87,30,0.76,0.87,0.76666667
1,1,77,87,30,0.77,0.87,0.53333333
1,1,78,87,30,0.78,0.87,0.4
1,1,79,87,30,0.79,0.87,0.4
1,1,80,87,30,0.8,0.87,0.33333333
1,1,81,87,30,0.81,0.87,0.13333333
1,1,82,87,30,0.82,0.87,0.13333333
1,1,83,87,30,0.83,0.87,0.066666667
1,1,84,87,30,0.84,0.87,0.033333333
1,1,85,87,30,0.85,0.87,0.033333333
1,1,86,87,30,0.86,0.87,0.0
1,1,87,87,30,0.87,0.87,0.0
1,1,88,87,30,0.88,0.87,0.0
1,1,70,88,30,0.7,0.88,1.0
1,1,71,88,30,0.71,0.88,1.0
1,1,72,88,30,0.72,0.88,0.93333333
1,1,73,88,30,0.73,0.88,0.96666667
1,1,74,88,30,0.74,0.88,0.86666667
1,1,75,88,30,0.75,0.88,0.86666667
1,1,76,88,30,0.76,0.88,0.7
1,1,77,88,30,0.77,0.88,0.73333333
1,1,78,88,30,0.78,0.88,0.7
1,1,79,88,30,0.79,0.88,0.56666667
1,1,80,88,30,0.8,0.88,0.63333333
1,1,81,88,30,0.81,0.88,0.46666667
1,1,82,88,30,0.82,0.88,0.3
1,1,83,88,30,0.83,0.88,0.33333333
1,1,84,88,30,0.84,0.88,0.2
1,1,85,88,30,0.85,0.88,0.033333333
1,1,86,88,30,0.86,0.88,0.0
1,1,87,88,30,0.87,0.88,0.066666667
1,1,88,88,30,0.88,0.88,0.0
1,1,89,88,30,0.89,0.88,0.0
1,1,90,88,30,0.9,0.88,0.0
1,1,72,89,30,0.72,0.89,1.0
1,1,73,89,30,0.73,0.89,1.0
1,1,74,89,30,0.74,0.89,0.86666667
1,1,75,89,30,0.75,0.89,0.9
1,1,76,89,30,0.76,0.89,0.8
1,1,77,89,30,0.77,0.89,0.86666667
1,1,78,89,30,0.78,0.89,0.86666667
1,1,79,89,30,0.79,0.89,0.76666667
1,1,80,89,30,0.8,0.89,0.63333333
1,1,81,89,30,0.81,0.89,0.43333333
1,1,82,89,30,0.82,0.89,0.33333333
1,1,83,89,30,0.83,0.89,0.23333333
1,1,84,89,30,0.84,0.89,0.3
1,1,85,89,30,0.85,0.89,0.16666667
1,1,86,89,30,0.86,0.89,0.23333333
1,1,87,89,30,0.87,0.89,0.033333333
1,1,88,89,30,0.88,0.89,0.0
1,1,89,89,30,0.89,0.89,0.0
1,1,90,89,30,0.9,0.89,0.0
1,1,91,89,30,0.91,0.89,0.0
1,1,92,89,30,0.92,0.89,0.0
1,1,73,90,30,0.73,0.9,0.96666667
1,1,74,90,30,0.74,0.9,1.0
1,1,75,90,30,0.75,0.9,1.0
1,1,76,90,30,0.76,0.9,1.0
1,1,77,90,30,0.77,0.9,0.96666667
1,1,78,90,30,0.78,0.9,0.86666667
1,1,79,90,30,0.79,0.9,0.8
1,1,80,90,30,0.8,0.9,0.63333333
1,1,81,90,30,0.81,0.9,0.93333333
1,1,82,90,30,0.82,0.9,0.63333333
1,1,83,90,30,0.83,0.9,0.6
1,1,84,90,30,0.84,0.9,0.56666667
1,1,85,90,30,0.85,0.9,0.36666667
1,1,86,90,30,0.86,0.9,0.3
1,1,87,90,30,0.87,0.9,0.13333333
1,1,88,90,30,0.88,0.9,0.0
1,1,89,90,30,0.89,0.9,0.0
1,1,90,90,30,0.9,0.9,0.0
1,1,91,90,30,0.91,0.9,0.0
1,1,92,90,30,0.92,0.9,0.0
1,1,93,90,30,0.93,0.9,0.0
1,1,75,91,30,0.75,0.91,1.0
1,1,76,91,30,0.76,0.91,0.93333333
1,1,77,91,30,0.77,0.91,1.0
1,1,78,91,30,0.78,0.91,1.0
1,1,79,91,30,0.79,0.91,0.93333333
1,1,80,91,30,0.8,0.91,0.96666667
1,1,81,91,30,0.81,0.91,0.86666667
1,1,82,91,30,0.82,0.91,0.73333333
1,1,83,91,30,0.83,0.91,0.73333333
1,1,84,91,30,0.84,0.91,0.53333333
1,1,85,91,30,0.85,0.91,0.63333333
1,1,86,91,30,0.86,0.91,0.3
1,1,87,91,30,0.87,0.91,0.36666667
1,1,88,91,30,0.88,0.91,0.16666667
1,1,89,91,30,0.89,0.91,0.13333333
1,1,90,91,30,0.9,0.91,0.0
1,1,91,91,30,0.91,0.91,0.033333333
1,1,92,91,30,0.92,0.91,0.0
1,1,93,91,30,0.93,0.91,0.0
1,1,94,91,30,0.94,0.91,0.0
1,1,95,91,30,0.95,0.91,0.0
1,1,77,92,30,0.77,0.92,1.0
1,1,78,92,30,0.78,0.92,0.96666667
1,1,79,92,30,0.79,0.92,0.96666667
1,1,80,92,30,0.8,0.92,1.0
1,1,81,92,30,0.81,0.92,0.93333333
1,1,82,92,30,0.82,0.92,0.96666667
1,1,83,92,30,0.83,0.92,0.86666667
1,1,84,92,30,0.84,0.92,0.86666667
1,1,85,92,30,0.85,0.92,0.76666667
1,1,86,92,30,0.86,0.92,0.53333333
1,1,87,92,30,0.87,0.92,0.36666667
1,1,88,92,30,0.88,0.92,0.33333333
1,1,89,92,30,0.89,0.92,0.26666667
1,1,90,92,30,0.9,0.92,0.066666667
1,1,91,92,30,0.91,0.92,0.033333333
1,1,92,92,30,0.92,0.92,0.033333333
1,1,93,92,30,0.93,0.92,0.033333333
1,1,94,92,30,0.94,0.92,0.0
1,1,95,92,30,0.95,0.92,0.0
1,1,96,92,30,0.96,0.92,0.0
1,1,97,92,30,0.97,0.92,0.0
1,1,79,93,30,0.79,0.93,1.0
1,1,80,93,30,0.8,0.93,1.0
1,1,81,93,30,0.81,0.93,1.0
1,1,82,93,30,0.82,0.93,0.96666667
1,1,83,93,30,0.83,0.93,0.93333333
1,1,84,93,30,0.84,0.93,0.9
1,1,85,93,30,0.85,0.93,0.83333333
1,1,86,93,30,0.86,0.93,0.8
1,1,87,93,30,0.87,0.93,0.7
1,1,88,93,30,0.88,0.93,0.66666667
1,1,89,93,30,0.89,0.93,0.36666667
1,1,90,93,30,0.9,0.93,0.26666667
1,1,91,93,30,0.91,0.93,0.33333333
1,1,92,93,30,0.92,0.93,0.3
1,1,93,93,30,0.93,0.93,0.066666667
1,1,94,93,30,0.94,0.93,0.0
1,1,95,93,30,0.95,0.93,0.0
1,1,96,93,30,0.96,0.93,0.0
1,1,97,93,30,0.97,0.93,0.0
1,1,98,93,30,0.98,0.93,0.0
1,1,99,93,30,0.99,0.93,0.0
1,1,80,94,30,0.8,0.94,1.0
1,1,81,94,30,0.81,0.94,1.0
1,1,82,94,30,0.82,0.94,0.96666667
1,1,83,94,30,0.83,0.94,1.0
1,1,84,94,30,0.84,0.94,1.0
1,1,85,94,30,0.85,0.94,1.0
1,1,86,94,30,0.86,0.94,0.76666667
1,1,87,94,30,0.87,0.94,1.0
1,1,88,94,30,0.88,0.94,0.66666667
1,1,89,94,30,0.89,0.94,0.4
1,1,90,94,30,0.9,0.94,0.5
1,1,91,94,30,0.91,0.94,0.46666667
1,1,92,94,30,0.92,0.94,0.33333333
1,1,93,94,30,0.93,0.94,0.066666667
1,1,94,94,30,0.94,0.94,0.033333333
1,1,95,94,30,0.95,0.94,0.033333333
1,1,96,94,30,0.96,0.94,0.0
1,1,97,94,30,0.97,0.94,0.0
1,1,98,94,30,0.98,0.94,0.0
1,1,99,94,30,0.99,0.94,0.0
1,1,100,94,30,1.0,0.94,0.0
1,1,82,95,30,0.82,0.95,1.0
1,1,83,95,30,0.83,0.95,1.0
1,1,84,95,30,0.84,0.95,0.96666667
1,1,85,95,30,0.85,0.95,0.96666667
1,1,86,95,30,0.86,0.95,1.0
1,1,87,95,30,0.87,0.95,0.96666667
1,1,88,95,30,0.88,0.95,0.9
1,1,89,95,30,0.89,0.95,0.86666667
1,1,90,95,30,0.9,0.95,0.66666667
1,1,91,95,30,0.91,0.95,0.7
1,1,92,95,30,0.92,0.95,0.5
1,1,93,95,30,0.93,0.95,0.3
1,1,94,95,30,0.94,0.95,0.33333333
1,1,95,95,30,0.95,0.95,0.1
1,1,96,95,30,0.96,0.95,0.033333333
1,1,97,95,30,0.97,0.95,0.0
1,1,98,95,30,0.98,0.95,0.0
1,1,99,95,30,0.99,0.95,0.0
1,1,100,95,30,1.0,0.95,0.0
1,1,84,96,30,0.84,0.96,1.0
1,1,85,96,30,0.85,0.96,1.0
1,1,86,96,30,0.86,0.96,1.0
1,1,87,96,30,0.87,0.96,1.0
1,1,88,96,30,0.88,0.96,0.93333333
1,1,89,96,30,0.89,0.96,0.86666667
1,1,90,96,30,0.9,0.96,0.86666667
1,1,91,96,30,0.91,0.96,0.86666667
1,1,92,96,30,0.92,0.96,0.9
1,1,93,96,30,0.93,0.96,0.66666667
1,1,94,96,30,0.94,0.96,0.56666667
1,1,95,96,30,0.95,0.96,0.26666667
1,1,96,96,30,0.96,0.96,0.16666667
1,1,97,96,30,0.97,0.96,0.033333333
1,1,98,96,30,0.98,0.96,0.066666667
1,1,99,96,30,0.99,0.96,0.0
1,1,100,96,30,1.0,0.96,0.0
1,1,86,97,30,0.86,0.97,1.0
1,1,87,97,30,0.87,0.97,1.0
1,1,88,97,30,0.88,0.97,1.0
1,1,89,97,30,0.89,0.97,1.0
1,1,90,97,30,0.9,0.97,0.96666667
1,1,91,97,30,0.91,0.97,0.86666667
1,1,92,97,30,0.92,0.97,0.96666667
1,1,93,97,30,0.93,0.97,0.83333333
1,1,94,97,30,0.94,0.97,0.76666667
1,1,95,97,30,0.95,0.97,0.7
1,1,96,97,30,0.96,0.97,0.53333333
1,1,97,97,30,0.97,0.97,0.16666667
1,1,98,97,30,0.98,0.97,0.033333333
1,1,99,97,30,0.99,0.97,0.0
1,1,100,97,30,1.0,0.97,0.066666667
1,1,88,98,30,0.88,0.98,1.0
1,1,89,98,30,0.89,0.98,1.0
1,1,90,98,30,0.9,0.98,1.0
1,1,91,98,30,0.91,0.98,1.0
1,1,92,98,30,0.92,0.98,0.96666667
1,1,93,98,30,0.93,0.98,1.0
1,1,94,98,30,0.94,0.98,0.83333333
1,1,95,98,30,0.95,0.98,0.83333333
1,1,96,98,30,0.96,0.98,0.7
1,1,97,98,30,0.97,0.98,0.76666667
1,1,98,98,30,0.98,0.98,0.36666667
1,1,99,98,30,0.99,0.98,0.13333333
1,1,100,98,30,1.0,0.98,0.0
1,1,90,99,30,0.9,0.99,1.0
1,1,91,99,30,0.91,0.99,1.0
1,1,92,99,30,0.92,0.99,1.0
1,1,93,99,30,0.93,0.99,1.0
1,1,94,99,30,0.94,0.99,1.0
1,1,95,99,30,0.95,0.99,0.96666667
1,1,96,99,30,0.96,0.99,0.96666667
1,1,97,99,30,0.97,0.99,0.86666667
1,1,98,99,30,0.98,0.99,0.93333333
1,1,99,99,30,0.99,0.99,0.66666667
1,1,100,99,30,1.0,0.99,0.2
